i j d
0 1 6.86
1 0 6.86
0 2 13.44
2 0 13.44
0 3 21.64
3 0 21.64
0 4 41.6
4 0 41.6
0 5 48.05
5 0 48.05
0 6 54.83
6 0 54.83
0 7 66.37
7 0 66.37
0 8 71.59
8 0 71.59
0 9 77.86
9 0 77.86
0 10 85.07
10 0 85.07
0 11 91.76
11 0 91.76
0 12 97.15
12 0 97.15
0 13 101.13
13 0 101.13
0 14 106.21
14 0 106.21
0 15 113.03
15 0 113.03
0 16 123.6
16 0 123.6
0 17 117.13
17 0 117.13
0 18 110.53
18 0 110.53
0 19 104.01
19 0 104.01
0 20 97.28
20 0 97.28
0 21 90.6
21 0 90.6
0 22 83.81
22 0 83.81
0 23 77.22
23 0 77.22
0 24 69.07
24 0 69.07
0 25 54.08
25 0 54.08
0 26 48.64
26 0 48.64
0 27 42.01
27 0 42.01
0 28 29.07
28 0 29.07
0 29 22.02
29 0 22.02
0 30 15.51
30 0 15.51
0 31 9.1
31 0 9.1
0 32 3.0
32 0 3.0
0 33 7.49
33 0 7.49
0 34 13.77
34 0 13.77
0 35 21.85
35 0 21.85
0 36 41.71
36 0 41.71
0 37 48.14
37 0 48.14
0 38 54.91
38 0 54.91
0 39 66.44
39 0 66.44
0 40 71.65
40 0 71.65
0 41 77.92
41 0 77.92
0 42 85.12
42 0 85.12
0 43 91.81
43 0 91.81
0 44 97.2
44 0 97.2
0 45 101.17
45 0 101.17
0 46 106.25
46 0 106.25
0 47 113.07
47 0 113.07
0 48 123.64
48 0 123.64
0 49 117.17
49 0 117.17
0 50 110.57
50 0 110.57
0 51 104.05
51 0 104.05
0 52 97.33
52 0 97.33
0 53 90.65
53 0 90.65
0 54 83.86
54 0 83.86
0 55 77.28
55 0 77.28
0 56 69.14
56 0 69.14
0 57 54.16
57 0 54.16
0 58 48.73
58 0 48.73
0 59 42.12
59 0 42.12
0 60 29.22
60 0 29.22
0 61 22.22
61 0 22.22
0 62 15.8
62 0 15.8
0 63 9.58
63 0 9.58
0 64 6.0
64 0 6.0
0 65 9.11
65 0 9.11
0 66 14.72
66 0 14.72
0 67 22.46
67 0 22.46
0 68 42.03
68 0 42.03
0 69 48.42
69 0 48.42
0 70 55.16
70 0 55.16
0 71 66.64
71 0 66.64
0 72 71.84
72 0 71.84
0 73 78.09
73 0 78.09
0 74 85.28
74 0 85.28
0 75 91.96
75 0 91.96
0 76 97.34
76 0 97.34
0 77 101.31
77 0 101.31
0 78 106.38
78 0 106.38
0 79 113.19
79 0 113.19
0 80 123.75
80 0 123.75
0 81 117.28
81 0 117.28
0 82 110.69
82 0 110.69
0 83 104.18
83 0 104.18
0 84 97.46
84 0 97.46
0 85 90.8
85 0 90.8
0 86 84.02
86 0 84.02
0 87 77.45
87 0 77.45
0 88 69.33
88 0 69.33
0 89 54.41
89 0 54.41
0 90 49.01
90 0 49.01
0 91 42.44
91 0 42.44
0 92 29.68
92 0 29.68
0 93 22.82
93 0 22.82
0 94 16.63
94 0 16.63
0 95 10.9
95 0 10.9
0 96 9.0
96 0 9.0
0 97 11.32
97 0 11.32
0 98 16.18
98 0 16.18
0 99 23.44
99 0 23.44
0 100 42.56
100 0 42.56
0 101 48.89
101 0 48.89
0 102 55.56
102 0 55.56
0 103 66.98
103 0 66.98
0 104 72.15
104 0 72.15
0 105 78.38
105 0 78.38
0 106 85.54
106 0 85.54
0 107 92.2
107 0 92.2
0 108 97.57
108 0 97.57
0 109 101.53
109 0 101.53
0 110 106.59
110 0 106.59
0 111 113.39
111 0 113.39
0 112 123.93
112 0 123.93
0 113 117.48
113 0 117.48
0 114 110.9
114 0 110.9
0 115 104.4
115 0 104.4
0 116 97.7
116 0 97.7
0 117 91.05
117 0 91.05
0 118 84.29
118 0 84.29
0 119 77.74
119 0 77.74
0 120 69.65
120 0 69.65
0 121 54.82
121 0 54.82
0 122 49.47
122 0 49.47
0 123 42.96
123 0 42.96
0 124 30.43
124 0 30.43
0 125 23.79
125 0 23.79
0 126 17.93
126 0 17.93
0 127 12.8
127 0 12.8
0 128 12.0
128 0 12.0
0 129 13.82
129 0 13.82
0 130 18.02
130 0 18.02
0 131 24.74
131 0 24.74
0 132 43.3
132 0 43.3
0 133 49.53
133 0 49.53
0 134 56.13
134 0 56.13
0 135 67.45
135 0 67.45
0 136 72.59
136 0 72.59
0 137 78.78
137 0 78.78
0 138 85.91
138 0 85.91
0 139 92.54
139 0 92.54
0 140 97.89
140 0 97.89
0 141 101.84
141 0 101.84
0 142 106.89
142 0 106.89
0 143 113.67
143 0 113.67
0 144 124.18
144 0 124.18
0 145 117.74
145 0 117.74
0 146 111.18
146 0 111.18
0 147 104.7
147 0 104.7
0 148 98.02
148 0 98.02
0 149 91.39
149 0 91.39
0 150 84.66
150 0 84.66
0 151 78.15
151 0 78.15
0 152 70.1
152 0 70.1
0 153 55.4
153 0 55.4
0 154 50.1
154 0 50.1
0 155 43.69
155 0 43.69
0 156 31.45
156 0 31.45
0 157 25.08
157 0 25.08
0 158 19.61
158 0 19.61
0 159 15.06
159 0 15.06
0 160 15.0
160 0 15.0
0 161 16.49
161 0 16.49
0 162 20.14
162 0 20.14
0 163 26.33
163 0 26.33
0 164 44.22
164 0 44.22
0 165 50.34
165 0 50.34
0 166 56.84
166 0 56.84
0 167 68.04
167 0 68.04
0 168 73.14
168 0 73.14
0 169 79.29
169 0 79.29
0 170 86.38
170 0 86.38
0 171 92.98
171 0 92.98
0 172 98.3
172 0 98.3
0 173 102.24
173 0 102.24
0 174 107.26
174 0 107.26
0 175 114.02
175 0 114.02
0 176 124.51
176 0 124.51
0 177 118.09
177 0 118.09
0 178 111.54
178 0 111.54
0 179 105.09
179 0 105.09
0 180 98.43
180 0 98.43
0 181 91.83
181 0 91.83
0 182 85.14
182 0 85.14
0 183 78.66
183 0 78.66
0 184 70.68
184 0 70.68
0 185 56.12
185 0 56.12
0 186 50.9
186 0 50.9
0 187 44.61
187 0 44.61
0 188 32.71
188 0 32.71
0 189 26.64
189 0 26.64
0 190 21.58
190 0 21.58
0 191 17.54
191 0 17.54
0 192 18.0
192 0 18.0
0 193 19.26
193 0 19.26
0 194 22.46
194 0 22.46
0 195 28.15
195 0 28.15
0 196 45.33
196 0 45.33
0 197 51.31
197 0 51.31
0 198 57.71
198 0 57.71
0 199 68.77
199 0 68.77
0 200 73.82
200 0 73.82
0 201 79.91
201 0 79.91
0 202 86.95
202 0 86.95
0 203 93.51
203 0 93.51
0 204 98.8
204 0 98.8
0 205 102.72
205 0 102.72
0 206 107.72
206 0 107.72
0 207 114.45
207 0 114.45
0 208 124.9
208 0 124.9
0 209 118.51
209 0 118.51
0 210 111.99
210 0 111.99
0 211 105.56
211 0 105.56
0 212 98.93
212 0 98.93
0 213 92.37
213 0 92.37
0 214 85.72
214 0 85.72
0 215 79.29
215 0 79.29
0 216 71.38
216 0 71.38
0 217 57.0
217 0 57.0
0 218 51.86
218 0 51.86
0 219 45.7
219 0 45.7
0 220 34.19
220 0 34.19
0 221 28.44
221 0 28.44
0 222 23.76
222 0 23.76
0 223 20.17
223 0 20.17
0 224 21.0
224 0 21.0
0 225 22.09
225 0 22.09
0 226 24.93
226 0 24.93
0 227 30.15
227 0 30.15
0 228 46.6
228 0 46.6
0 229 52.44
229 0 52.44
0 230 58.71
230 0 58.71
0 231 69.61
231 0 69.61
0 232 74.61
232 0 74.61
0 233 80.64
233 0 80.64
0 234 87.62
234 0 87.62
0 235 94.13
235 0 94.13
0 236 99.39
236 0 99.39
0 237 103.29
237 0 103.29
0 238 108.27
238 0 108.27
0 239 114.96
239 0 114.96
0 240 125.37
240 0 125.37
0 241 119.0
241 0 119.0
0 242 112.51
242 0 112.51
0 243 106.11
243 0 106.11
0 244 99.52
244 0 99.52
0 245 93.0
245 0 93.0
0 246 86.4
246 0 86.4
0 247 80.02
247 0 80.02
0 248 72.19
248 0 72.19
0 249 58.01
249 0 58.01
0 250 52.98
250 0 52.98
0 251 46.97
251 0 46.97
0 252 35.86
252 0 35.86
0 253 30.43
253 0 30.43
0 254 26.11
254 0 26.11
0 255 22.89
255 0 22.89
0 256 24.0
256 0 24.0
0 257 24.96
257 0 24.96
0 258 27.51
258 0 27.51
0 259 32.32
259 0 32.32
0 260 48.03
260 0 48.03
0 261 53.71
261 0 53.71
0 262 59.85
262 0 59.85
0 263 70.58
263 0 70.58
0 264 75.51
264 0 75.51
0 265 81.48
265 0 81.48
0 266 88.39
266 0 88.39
0 267 94.85
267 0 94.85
0 268 100.07
268 0 100.07
0 269 103.94
269 0 103.94
0 270 108.89
270 0 108.89
0 271 115.55
271 0 115.55
0 272 125.91
272 0 125.91
0 273 119.56
273 0 119.56
0 274 113.11
274 0 113.11
0 275 106.74
275 0 106.74
0 276 100.2
276 0 100.2
0 277 93.72
277 0 93.72
0 278 87.18
278 0 87.18
0 279 80.86
279 0 80.86
0 280 73.12
280 0 73.12
0 281 59.17
281 0 59.17
0 282 54.24
282 0 54.24
0 283 48.38
283 0 48.38
0 284 37.7
284 0 37.7
0 285 32.57
285 0 32.57
0 286 28.58
286 0 28.58
0 287 25.67
287 0 25.67
0 288 27.0
288 0 27.0
0 289 27.86
289 0 27.86
0 290 30.16
290 0 30.16
0 291 34.6
291 0 34.6
0 292 49.59
292 0 49.59
0 293 55.12
293 0 55.12
0 294 61.12
294 0 61.12
0 295 71.65
295 0 71.65
0 296 76.51
296 0 76.51
0 297 82.41
297 0 82.41
0 298 89.25
298 0 89.25
0 299 95.65
299 0 95.65
0 300 100.83
300 0 100.83
0 301 104.67
301 0 104.67
0 302 109.59
302 0 109.59
0 303 116.21
303 0 116.21
0 304 126.51
304 0 126.51
0 305 120.2
305 0 120.2
0 306 113.78
306 0 113.78
0 307 107.46
307 0 107.46
0 308 100.96
308 0 100.96
0 309 94.54
309 0 94.54
0 310 88.05
310 0 88.05
0 311 81.8
311 0 81.8
0 312 74.16
312 0 74.16
0 313 60.45
313 0 60.45
0 314 55.63
314 0 55.63
0 315 49.94
315 0 49.94
0 316 39.67
316 0 39.67
0 317 34.84
317 0 34.84
0 318 31.14
318 0 31.14
0 319 28.49
319 0 28.49
0 320 30.0
320 0 30.0
0 321 30.77
321 0 30.77
0 322 32.87
322 0 32.87
0 323 36.99
323 0 36.99
0 324 51.29
324 0 51.29
0 325 56.65
325 0 56.65
0 326 62.5
326 0 62.5
0 327 72.84
327 0 72.84
0 328 77.62
328 0 77.62
0 329 83.44
329 0 83.44
0 330 90.2
330 0 90.2
0 331 96.54
331 0 96.54
0 332 101.68
332 0 101.68
0 333 105.49
333 0 105.49
0 334 110.37
334 0 110.37
0 335 116.94
335 0 116.94
0 336 127.19
336 0 127.19
0 337 120.91
337 0 120.91
0 338 114.53
338 0 114.53
0 339 108.25
339 0 108.25
0 340 101.8
340 0 101.8
0 341 95.44
341 0 95.44
0 342 89.02
342 0 89.02
0 343 82.84
343 0 82.84
0 344 75.3
344 0 75.3
0 345 61.84
345 0 61.84
0 346 57.15
346 0 57.15
0 347 51.62
347 0 51.62
0 348 41.77
348 0 41.77
0 349 37.21
349 0 37.21
0 350 33.77
350 0 33.77
0 351 31.35
351 0 31.35
0 352 33.0
352 0 33.0
0 353 33.71
353 0 33.71
0 354 35.63
354 0 35.63
0 355 39.46
355 0 39.46
0 356 53.1
356 0 53.1
0 357 58.29
357 0 58.29
0 358 63.99
358 0 63.99
0 359 74.12
359 0 74.12
0 360 78.83
360 0 78.83
0 361 84.56
361 0 84.56
0 362 91.25
362 0 91.25
0 363 97.51
363 0 97.51
0 364 102.6
364 0 102.6
0 365 106.38
365 0 106.38
0 366 111.22
366 0 111.22
0 367 117.75
367 0 117.75
0 368 127.93
368 0 127.93
0 369 121.69
369 0 121.69
0 370 115.35
370 0 115.35
0 371 109.12
371 0 109.12
0 372 102.72
372 0 102.72
0 373 96.42
373 0 96.42
0 374 90.07
374 0 90.07
0 375 83.98
375 0 83.98
0 376 76.55
376 0 76.55
0 377 63.35
377 0 63.35
0 378 58.78
378 0 58.78
0 379 53.42
379 0 53.42
0 380 43.98
380 0 43.98
0 381 39.67
381 0 39.67
0 382 36.46
382 0 36.46
0 383 34.23
383 0 34.23
1 2 6.58
2 1 6.58
1 3 14.78
3 1 14.78
1 4 34.86
4 1 34.86
1 5 41.31
5 1 41.31
1 6 48.09
6 1 48.09
1 7 59.63
7 1 59.63
1 8 64.85
8 1 64.85
1 9 71.12
9 1 71.12
1 10 78.33
10 1 78.33
1 11 85.02
11 1 85.02
1 12 90.41
12 1 90.41
1 13 94.39
13 1 94.39
1 14 99.47
14 1 99.47
1 15 106.29
15 1 106.29
1 16 119.65
16 1 119.65
1 17 119.43
17 1 119.43
1 18 112.83
18 1 112.83
1 19 106.31
19 1 106.31
1 20 99.58
20 1 99.58
1 21 92.9
21 1 92.9
1 22 86.11
22 1 86.11
1 23 79.52
23 1 79.52
1 24 71.37
24 1 71.37
1 25 56.38
25 1 56.38
1 26 50.94
26 1 50.94
1 27 44.31
27 1 44.31
1 28 30.78
28 1 30.78
1 29 24.23
29 1 24.23
1 30 18.51
30 1 18.51
1 31 13.6
31 1 13.6
1 32 7.49
32 1 7.49
1 33 3.0
33 1 3.0
1 34 7.23
34 1 7.23
1 35 15.08
35 1 15.08
1 36 34.99
36 1 34.99
1 37 41.42
37 1 41.42
1 38 48.18
38 1 48.18
1 39 59.71
39 1 59.71
1 40 64.92
40 1 64.92
1 41 71.18
41 1 71.18
1 42 78.39
42 1 78.39
1 43 85.07
43 1 85.07
1 44 90.46
44 1 90.46
1 45 94.44
45 1 94.44
1 46 99.52
46 1 99.52
1 47 106.33
47 1 106.33
1 48 119.69
48 1 119.69
1 49 119.47
49 1 119.47
1 50 112.87
50 1 112.87
1 51 106.35
51 1 106.35
1 52 99.63
52 1 99.63
1 53 92.95
53 1 92.95
1 54 86.16
54 1 86.16
1 55 79.58
55 1 79.58
1 56 71.43
56 1 71.43
1 57 56.46
57 1 56.46
1 58 51.03
58 1 51.03
1 59 44.41
59 1 44.41
1 60 30.93
60 1 30.93
1 61 24.42
61 1 24.42
1 62 18.75
62 1 18.75
1 63 13.93
63 1 13.93
1 64 9.11
64 1 9.11
1 65 6.0
65 1 6.0
1 66 8.9
66 1 8.9
1 67 15.95
67 1 15.95
1 68 35.37
68 1 35.37
1 69 41.74
69 1 41.74
1 70 48.46
70 1 48.46
1 71 59.93
71 1 59.93
1 72 65.13
72 1 65.13
1 73 71.37
73 1 71.37
1 74 78.56
74 1 78.56
1 75 85.23
75 1 85.23
1 76 90.61
76 1 90.61
1 77 94.58
77 1 94.58
1 78 99.65
78 1 99.65
1 79 106.46
79 1 106.46
1 80 119.8
80 1 119.8
1 81 119.58
81 1 119.58
1 82 112.99
82 1 112.99
1 83 106.48
83 1 106.48
1 84 99.76
84 1 99.76
1 85 93.09
85 1 93.09
1 86 86.32
86 1 86.32
1 87 79.75
87 1 79.75
1 88 71.62
88 1 71.62
1 89 56.7
89 1 56.7
1 90 51.29
90 1 51.29
1 91 44.71
91 1 44.71
1 92 31.36
92 1 31.36
1 93 24.96
93 1 24.96
1 94 19.46
94 1 19.46
1 95 14.86
95 1 14.86
1 96 11.32
96 1 11.32
1 97 9.0
97 1 9.0
1 98 11.15
98 1 11.15
1 99 17.3
99 1 17.3
1 100 36.0
100 1 36.0
1 101 42.28
101 1 42.28
1 102 48.92
102 1 48.92
1 103 60.31
103 1 60.31
1 104 65.47
104 1 65.47
1 105 71.69
105 1 71.69
1 106 78.85
106 1 78.85
1 107 85.5
107 1 85.5
1 108 90.86
108 1 90.86
1 109 94.82
109 1 94.82
1 110 99.88
110 1 99.88
1 111 106.67
111 1 106.67
1 112 119.99
112 1 119.99
1 113 119.77
113 1 119.77
1 114 113.19
114 1 113.19
1 115 106.69
115 1 106.69
1 116 99.99
116 1 99.99
1 117 93.33
117 1 93.33
1 118 86.58
118 1 86.58
1 119 80.03
119 1 80.03
1 120 71.94
120 1 71.94
1 121 57.09
121 1 57.09
1 122 51.73
122 1 51.73
1 123 45.21
123 1 45.21
1 124 32.07
124 1 32.07
1 125 25.85
125 1 25.85
1 126 20.58
126 1 20.58
1 127 16.31
127 1 16.31
1 128 13.82
128 1 13.82
1 129 12.0
129 1 12.0
1 130 13.69
130 1 13.69
1 131 19.04
131 1 19.04
1 132 36.87
132 1 36.87
1 133 43.02
133 1 43.02
1 134 49.56
134 1 49.56
1 135 60.83
135 1 60.83
1 136 65.95
136 1 65.95
1 137 72.13
137 1 72.13
1 138 79.24
138 1 79.24
1 139 85.86
139 1 85.86
1 140 91.2
140 1 91.2
1 141 95.15
141 1 95.15
1 142 100.19
142 1 100.19
1 143 106.97
143 1 106.97
1 144 120.25
144 1 120.25
1 145 120.03
145 1 120.03
1 146 113.47
146 1 113.47
1 147 106.99
147 1 106.99
1 148 100.3
148 1 100.3
1 149 93.67
149 1 93.67
1 150 86.94
150 1 86.94
1 151 80.42
151 1 80.42
1 152 72.37
152 1 72.37
1 153 57.64
153 1 57.64
1 154 52.33
154 1 52.33
1 155 45.91
155 1 45.91
1 156 33.04
156 1 33.04
1 157 27.04
157 1 27.04
1 158 22.06
158 1 22.06
1 159 18.14
159 1 18.14
1 160 16.49
160 1 16.49
1 161 15.0
161 1 15.0
1 162 16.38
162 1 16.38
1 163 21.06
163 1 21.06
1 164 37.95
164 1 37.95
1 165 43.95
165 1 43.95
1 166 50.38
166 1 50.38
1 167 61.49
167 1 61.49
1 168 66.56
168 1 66.56
1 169 72.68
169 1 72.68
1 170 79.75
170 1 79.75
1 171 86.33
171 1 86.33
1 172 91.65
172 1 91.65
1 173 95.57
173 1 95.57
1 174 100.59
174 1 100.59
1 175 107.34
175 1 107.34
1 176 120.59
176 1 120.59
1 177 120.37
177 1 120.37
1 178 113.82
178 1 113.82
1 179 107.36
179 1 107.36
1 180 100.7
180 1 100.7
1 181 94.1
181 1 94.1
1 182 87.41
182 1 87.41
1 183 80.92
183 1 80.92
1 184 72.93
184 1 72.93
1 185 58.34
185 1 58.34
1 186 53.1
186 1 53.1
1 187 46.78
187 1 46.78
1 188 34.24
188 1 34.24
1 189 28.5
189 1 28.5
1 190 23.82
190 1 23.82
1 191 20.25
191 1 20.25
1 192 19.26
192 1 19.26
1 193 18.0
193 1 18.0
1 194 19.16
194 1 19.16
1 195 23.29
195 1 23.29
1 196 39.23
196 1 39.23
1 197 45.06
197 1 45.06
1 198 51.35
198 1 51.35
1 199 62.29
199 1 62.29
1 200 67.3
200 1 67.3
1 201 73.36
201 1 73.36
1 202 80.37
202 1 80.37
1 203 86.9
203 1 86.9
1 204 92.18
204 1 92.18
1 205 96.09
205 1 96.09
1 206 101.09
206 1 101.09
1 207 107.8
207 1 107.8
1 208 121.0
208 1 121.0
1 209 120.78
209 1 120.78
1 210 114.26
210 1 114.26
1 211 107.82
211 1 107.82
1 212 101.19
212 1 101.19
1 213 94.63
213 1 94.63
1 214 87.97
214 1 87.97
1 215 81.53
215 1 81.53
1 216 73.6
216 1 73.6
1 217 59.18
217 1 59.18
1 218 54.03
218 1 54.03
1 219 47.83
219 1 47.83
1 220 35.66
220 1 35.66
1 221 30.18
221 1 30.18
1 222 25.82
222 1 25.82
1 223 22.56
223 1 22.56
1 224 22.09
224 1 22.09
1 225 21.0
225 1 21.0
1 226 22.01
226 1 22.01
1 227 25.68
227 1 25.68
1 228 40.7
228 1 40.7
1 229 46.34
229 1 46.34
1 230 52.48
230 1 52.48
1 231 63.22
231 1 63.22
1 232 68.17
232 1 68.17
1 233 74.16
233 1 74.16
1 234 81.1
234 1 81.1
1 235 87.58
235 1 87.58
1 236 92.82
236 1 92.82
1 237 96.7
237 1 96.7
1 238 101.66
238 1 101.66
1 239 108.34
239 1 108.34
1 240 121.48
240 1 121.48
1 241 121.26
241 1 121.26
1 242 114.77
242 1 114.77
1 243 108.36
243 1 108.36
1 244 101.77
244 1 101.77
1 245 95.24
245 1 95.24
1 246 88.63
246 1 88.63
1 247 82.25
247 1 82.25
1 248 74.4
248 1 74.4
1 249 60.16
249 1 60.16
1 250 55.1
250 1 55.1
1 251 49.03
251 1 49.03
1 252 37.26
252 1 37.26
1 253 32.06
253 1 32.06
1 254 27.99
254 1 27.99
1 255 25.02
255 1 25.02
1 256 24.96
256 1 24.96
1 257 24.0
257 1 24.0
1 258 24.89
258 1 24.89
1 259 28.19
259 1 28.19
1 260 42.32
260 1 42.32
1 261 47.78
261 1 47.78
1 262 53.75
262 1 53.75
1 263 64.28
263 1 64.28
1 264 69.15
264 1 69.15
1 265 75.06
265 1 75.06
1 266 81.92
266 1 81.92
1 267 88.34
267 1 88.34
1 268 93.54
268 1 93.54
1 269 97.39
269 1 97.39
1 270 102.32
270 1 102.32
1 271 108.97
271 1 108.97
1 272 122.03
272 1 122.03
1 273 121.82
273 1 121.82
1 274 115.35
274 1 115.35
1 275 108.99
275 1 108.99
1 276 102.43
276 1 102.43
1 277 95.95
277 1 95.95
1 278 89.39
278 1 89.39
1 279 83.06
279 1 83.06
1 280 75.3
280 1 75.3
1 281 61.28
281 1 61.28
1 282 56.31
282 1 56.31
1 283 50.39
283 1 50.39
1 284 39.03
284 1 39.03
1 285 34.1
285 1 34.1
1 286 30.31
286 1 30.31
1 287 27.59
287 1 27.59
1 288 27.86
288 1 27.86
1 289 27.0
289 1 27.0
1 290 27.79
290 1 27.79
1 291 30.78
291 1 30.78
1 292 44.09
292 1 44.09
1 293 49.35
293 1 49.35
1 294 55.15
294 1 55.15
1 295 65.46
295 1 65.46
1 296 70.25
296 1 70.25
1 297 76.07
297 1 76.07
1 298 82.85
298 1 82.85
1 299 89.2
299 1 89.2
1 300 94.36
300 1 94.36
1 301 98.18
301 1 98.18
1 302 103.07
302 1 103.07
1 303 109.67
303 1 109.67
1 304 122.66
304 1 122.66
1 305 122.44
305 1 122.44
1 306 116.02
306 1 116.02
1 307 109.69
307 1 109.69
1 308 103.18
308 1 103.18
1 309 96.74
309 1 96.74
1 310 90.24
310 1 90.24
1 311 83.98
311 1 83.98
1 312 76.31
312 1 76.31
1 313 62.51
313 1 62.51
1 314 57.65
314 1 57.65
1 315 51.89
315 1 51.89
1 316 40.94
316 1 40.94
1 317 36.28
317 1 36.28
1 318 32.74
318 1 32.74
1 319 30.23
319 1 30.23
1 320 30.77
320 1 30.77
1 321 30.0
321 1 30.0
1 322 30.71
322 1 30.71
1 323 33.44
323 1 33.44
1 324 45.99
324 1 45.99
1 325 51.05
325 1 51.05
1 326 56.68
326 1 56.68
1 327 66.75
327 1 66.75
1 328 71.45
328 1 71.45
1 329 77.19
329 1 77.19
1 330 83.88
330 1 83.88
1 331 90.16
331 1 90.16
1 332 95.26
332 1 95.26
1 333 99.04
333 1 99.04
1 334 103.9
334 1 103.9
1 335 110.44
335 1 110.44
1 336 123.35
336 1 123.35
1 337 123.14
337 1 123.14
1 338 116.75
338 1 116.75
1 339 110.46
339 1 110.46
1 340 104.0
340 1 104.0
1 341 97.62
341 1 97.62
1 342 91.19
342 1 91.19
1 343 84.99
343 1 84.99
1 344 77.42
344 1 77.42
1 345 63.86
345 1 63.86
1 346 59.12
346 1 59.12
1 347 53.51
347 1 53.51
1 348 42.98
348 1 42.98
1 349 38.56
349 1 38.56
1 350 35.25
350 1 35.25
1 351 32.94
351 1 32.94
1 352 33.71
352 1 33.71
1 353 33.0
353 1 33.0
1 354 33.65
354 1 33.65
1 355 36.16
355 1 36.16
1 356 48.0
356 1 48.0
1 357 52.87
357 1 52.87
1 358 58.32
358 1 58.32
1 359 68.15
359 1 68.15
1 360 72.76
360 1 72.76
1 361 78.4
361 1 78.4
1 362 85.0
362 1 85.0
1 363 91.2
363 1 91.2
1 364 96.24
364 1 96.24
1 365 99.99
365 1 99.99
1 366 104.8
366 1 104.8
1 367 111.29
367 1 111.29
1 368 124.12
368 1 124.12
1 369 123.91
369 1 123.91
1 370 117.56
370 1 117.56
1 371 111.31
371 1 111.31
1 372 104.91
372 1 104.91
1 373 98.59
373 1 98.59
1 374 92.22
374 1 92.22
1 375 86.1
375 1 86.1
1 376 78.63
376 1 78.63
1 377 65.33
377 1 65.33
1 378 60.7
378 1 60.7
1 379 55.25
379 1 55.25
1 380 45.13
380 1 45.13
1 381 40.94
381 1 40.94
1 382 37.84
382 1 37.84
1 383 35.69
383 1 35.69
2 3 8.2
3 2 8.2
2 4 28.51
4 2 28.51
2 5 34.96
5 2 34.96
2 6 41.74
6 2 41.74
2 7 53.28
7 2 53.28
2 8 58.5
8 2 58.5
2 9 64.77
9 2 64.77
2 10 71.98
10 2 71.98
2 11 78.67
11 2 78.67
2 12 84.06
12 2 84.06
2 13 88.04
13 2 88.04
2 14 93.12
14 2 93.12
2 15 99.94
15 2 99.94
2 16 113.3
16 2 113.3
2 17 118.77
17 2 118.77
2 18 116.08
18 2 116.08
2 19 109.56
19 2 109.56
2 20 102.83
20 2 102.83
2 21 96.15
21 2 96.15
2 22 89.36
22 2 89.36
2 23 82.77
23 2 82.77
2 24 74.62
24 2 74.62
2 25 59.63
25 2 59.63
2 26 54.19
26 2 54.19
2 27 47.56
27 2 47.56
2 28 33.67
28 2 33.67
2 29 27.81
29 2 27.81
2 30 23.01
30 2 23.01
2 31 19.27
31 2 19.27
2 32 13.77
32 2 13.77
2 33 7.23
33 2 7.23
2 34 3.0
34 2 3.0
2 35 8.73
35 2 8.73
2 36 28.67
36 2 28.67
2 37 35.09
37 2 35.09
2 38 41.85
38 2 41.85
2 39 53.36
39 2 53.36
2 40 58.58
40 2 58.58
2 41 64.84
41 2 64.84
2 42 72.04
42 2 72.04
2 43 78.73
43 2 78.73
2 44 84.11
44 2 84.11
2 45 88.09
45 2 88.09
2 46 93.17
46 2 93.17
2 47 99.99
47 2 99.99
2 48 113.34
48 2 113.34
2 49 118.81
49 2 118.81
2 50 116.12
50 2 116.12
2 51 109.6
51 2 109.6
2 52 102.87
52 2 102.87
2 53 96.2
53 2 96.2
2 54 89.41
54 2 89.41
2 55 82.82
55 2 82.82
2 56 74.68
56 2 74.68
2 57 59.71
57 2 59.71
2 58 54.27
58 2 54.27
2 59 47.65
59 2 47.65
2 60 33.8
60 2 33.8
2 61 27.97
61 2 27.97
2 62 23.2
62 2 23.2
2 63 19.5
63 2 19.5
2 64 14.72
64 2 14.72
2 65 8.9
65 2 8.9
2 66 6.0
66 2 6.0
2 67 10.16
67 2 10.16
2 68 29.13
68 2 29.13
2 69 35.47
69 2 35.47
2 70 42.17
70 2 42.17
2 71 53.62
71 2 53.62
2 72 58.81
72 2 58.81
2 73 65.05
73 2 65.05
2 74 72.23
74 2 72.23
2 75 78.9
75 2 78.9
2 76 84.27
76 2 84.27
2 77 88.24
77 2 88.24
2 78 93.31
78 2 93.31
2 79 100.12
79 2 100.12
2 80 113.46
80 2 113.46
2 81 118.92
81 2 118.92
2 82 116.23
82 2 116.23
2 83 109.72
83 2 109.72
2 84 103.0
84 2 103.0
2 85 96.34
85 2 96.34
2 86 89.56
86 2 89.56
2 87 82.99
87 2 82.99
2 88 74.86
88 2 74.86
2 89 59.93
89 2 59.93
2 90 54.52
90 2 54.52
2 91 47.94
91 2 47.94
2 92 34.2
92 2 34.2
2 93 28.45
93 2 28.45
2 94 23.78
94 2 23.78
2 95 20.18
95 2 20.18
2 96 16.18
96 2 16.18
2 97 11.15
97 2 11.15
2 98 9.0
98 2 9.0
2 99 12.18
99 2 12.18
2 100 29.9
100 2 29.9
2 101 36.1
101 2 36.1
2 102 42.7
102 2 42.7
2 103 54.03
103 2 54.03
2 104 59.19
104 2 59.19
2 105 65.39
105 2 65.39
2 106 72.54
106 2 72.54
2 107 79.18
107 2 79.18
2 108 84.54
108 2 84.54
2 109 88.5
109 2 88.5
2 110 93.55
110 2 93.55
2 111 100.34
111 2 100.34
2 112 113.66
112 2 113.66
2 113 119.11
113 2 119.11
2 114 116.43
114 2 116.43
2 115 109.93
115 2 109.93
2 116 103.22
116 2 103.22
2 117 96.57
117 2 96.57
2 118 89.81
118 2 89.81
2 119 83.26
119 2 83.26
2 120 75.16
120 2 75.16
2 121 60.31
121 2 60.31
2 122 54.93
122 2 54.93
2 123 48.4
123 2 48.4
2 124 34.85
124 2 34.85
2 125 29.23
125 2 29.23
2 126 24.71
126 2 24.71
2 127 21.27
127 2 21.27
2 128 18.02
128 2 18.02
2 129 13.69
129 2 13.69
2 130 12.0
130 2 12.0
2 131 14.53
131 2 14.53
2 132 30.93
132 2 30.93
2 133 36.96
133 2 36.96
2 134 43.43
134 2 43.43
2 135 54.61
135 2 54.61
2 136 59.72
136 2 59.72
2 137 65.87
137 2 65.87
2 138 72.97
138 2 72.97
2 139 79.58
139 2 79.58
2 140 84.91
140 2 84.91
2 141 88.85
141 2 88.85
2 142 93.89
142 2 93.89
2 143 100.66
143 2 100.66
2 144 113.93
144 2 113.93
2 145 119.37
145 2 119.37
2 146 116.7
146 2 116.7
2 147 110.22
147 2 110.22
2 148 103.53
148 2 103.53
2 149 96.9
149 2 96.9
2 150 90.16
150 2 90.16
2 151 83.64
151 2 83.64
2 152 75.58
152 2 75.58
2 153 60.83
153 2 60.83
2 154 55.5
154 2 55.5
2 155 49.05
155 2 49.05
2 156 35.74
156 2 35.74
2 157 30.29
157 2 30.29
2 158 25.95
158 2 25.95
2 159 22.7
159 2 22.7
2 160 20.14
160 2 20.14
2 161 16.38
161 2 16.38
2 162 15.0
162 2 15.0
2 163 17.1
163 2 17.1
2 164 32.22
164 2 32.22
2 165 38.04
165 2 38.04
2 166 44.35
166 2 44.35
2 167 55.35
167 2 55.35
2 168 60.39
168 2 60.39
2 169 66.48
169 2 66.48
2 170 73.53
170 2 73.53
2 171 80.09
171 2 80.09
2 172 85.39
172 2 85.39
2 173 89.31
173 2 89.31
2 174 94.32
174 2 94.32
2 175 101.06
175 2 101.06
2 176 114.29
176 2 114.29
2 177 119.71
177 2 119.71
2 178 117.05
178 2 117.05
2 179 110.58
179 2 110.58
2 180 103.92
180 2 103.92
2 181 97.31
181 2 97.31
2 182 90.61
182 2 90.61
2 183 84.12
183 2 84.12
2 184 76.11
184 2 76.11
2 185 61.49
185 2 61.49
2 186 56.23
186 2 56.23
2 187 49.87
187 2 49.87
2 188 36.86
188 2 36.86
2 189 31.6
189 2 31.6
2 190 27.47
190 2 27.47
2 191 24.42
191 2 24.42
2 192 22.46
192 2 22.46
2 193 19.16
193 2 19.16
2 194 18.0
194 2 18.0
2 195 19.78
195 2 19.78
2 196 33.72
196 2 33.72
2 197 39.32
197 2 39.32
2 198 45.46
198 2 45.46
2 199 56.24
199 2 56.24
2 200 61.21
200 2 61.21
2 201 67.22
201 2 67.22
2 202 74.2
202 2 74.2
2 203 80.7
203 2 80.7
2 204 85.97
204 2 85.97
2 205 89.86
205 2 89.86
2 206 94.84
206 2 94.84
2 207 101.55
207 2 101.55
2 208 114.72
208 2 114.72
2 209 120.13
209 2 120.13
2 210 117.47
210 2 117.47
2 211 111.03
211 2 111.03
2 212 104.39
212 2 104.39
2 213 97.82
213 2 97.82
2 214 91.15
214 2 91.15
2 215 84.7
215 2 84.7
2 216 76.76
216 2 76.76
2 217 62.29
217 2 62.29
2 218 57.1
218 2 57.1
2 219 50.85
219 2 50.85
2 220 38.18
220 2 38.18
2 221 33.13
221 2 33.13
2 222 29.21
222 2 29.21
2 223 26.37
223 2 26.37
2 224 24.93
224 2 24.93
2 225 22.01
225 2 22.01
2 226 21.0
226 2 21.0
2 227 22.54
227 2 22.54
2 228 35.41
228 2 35.41
2 229 40.78
229 2 40.78
2 230 46.73
230 2 46.73
2 231 57.27
231 2 57.27
2 232 62.16
232 2 62.16
2 233 68.09
233 2 68.09
2 234 74.98
234 2 74.98
2 235 81.42
235 2 81.42
2 236 86.64
236 2 86.64
2 237 90.51
237 2 90.51
2 238 95.46
238 2 95.46
2 239 102.12
239 2 102.12
2 240 115.23
240 2 115.23
2 241 120.61
241 2 120.61
2 242 117.96
242 2 117.96
2 243 111.55
243 2 111.55
2 244 104.95
244 2 104.95
2 245 98.42
245 2 98.42
2 246 91.79
246 2 91.79
2 247 85.39
247 2 85.39
2 248 77.52
248 2 77.52
2 249 63.22
249 2 63.22
2 250 58.12
250 2 58.12
2 251 51.99
251 2 51.99
2 252 39.68
252 2 39.68
2 253 34.85
253 2 34.85
2 254 31.15
254 2 31.15
2 255 28.5
255 2 28.5
2 256 27.51
256 2 27.51
2 257 24.89
257 2 24.89
2 258 24.0
258 2 24.0
2 259 25.36
259 2 25.36
2 260 37.27
260 2 37.27
2 261 42.41
261 2 42.41
2 262 48.15
262 2 48.15
2 263 58.44
263 2 58.44
2 264 63.23
264 2 63.23
2 265 69.07
265 2 69.07
2 266 75.88
266 2 75.88
2 267 82.25
267 2 82.25
2 268 87.42
268 2 87.42
2 269 91.25
269 2 91.25
2 270 96.16
270 2 96.16
2 271 102.78
271 2 102.78
2 272 115.81
272 2 115.81
2 273 121.17
273 2 121.17
2 274 118.54
274 2 118.54
2 275 112.16
275 2 112.16
2 276 105.59
276 2 105.59
2 277 99.1
277 2 99.1
2 278 92.53
278 2 92.53
2 279 86.18
279 2 86.18
2 280 78.38
280 2 78.38
2 281 64.28
281 2 64.28
2 282 59.27
282 2 59.27
2 283 53.27
283 2 53.27
2 284 41.35
284 2 41.35
2 285 36.73
285 2 36.73
2 286 33.25
286 2 33.25
2 287 30.78
287 2 30.78
2 288 30.16
288 2 30.16
2 289 27.79
289 2 27.79
2 290 27.0
290 2 27.0
2 291 28.22
291 2 28.22
2 292 39.27
292 2 39.27
2 293 44.17
293 2 44.17
2 294 49.71
294 2 49.71
2 295 59.73
295 2 59.73
2 296 64.43
296 2 64.43
2 297 70.17
297 2 70.17
2 298 76.88
298 2 76.88
2 299 83.17
299 2 83.17
2 300 88.29
300 2 88.29
2 301 92.09
301 2 92.09
2 302 96.96
302 2 96.96
2 303 103.52
303 2 103.52
2 304 116.47
304 2 116.47
2 305 121.8
305 2 121.8
2 306 119.18
306 2 119.18
2 307 112.84
307 2 112.84
2 308 106.32
308 2 106.32
2 309 99.87
309 2 99.87
2 310 93.35
310 2 93.35
2 311 87.06
311 2 87.06
2 312 79.35
312 2 79.35
2 313 65.46
313 2 65.46
2 314 60.54
314 2 60.54
2 315 54.69
315 2 54.69
2 316 43.16
316 2 43.16
2 317 38.76
317 2 38.76
2 318 35.47
318 2 35.47
2 319 33.17
319 2 33.17
2 320 32.87
320 2 32.87
2 321 30.71
321 2 30.71
2 322 30.0
322 2 30.0
2 323 31.1
323 2 31.1
2 324 41.39
324 2 41.39
2 325 46.07
325 2 46.07
2 326 51.4
326 2 51.4
2 327 61.15
327 2 61.15
2 328 65.74
328 2 65.74
2 329 71.38
329 2 71.38
2 330 77.98
330 2 77.98
2 331 84.2
331 2 84.2
2 332 89.25
332 2 89.25
2 333 93.01
333 2 93.01
2 334 97.83
334 2 97.83
2 335 104.35
335 2 104.35
2 336 117.2
336 2 117.2
2 337 122.5
337 2 122.5
2 338 119.89
338 2 119.89
2 339 113.59
339 2 113.59
2 340 107.12
340 2 107.12
2 341 100.72
341 2 100.72
2 342 94.26
342 2 94.26
2 343 88.04
343 2 88.04
2 344 80.42
344 2 80.42
2 345 66.75
345 2 66.75
2 346 61.94
346 2 61.94
2 347 56.23
347 2 56.23
2 348 45.1
348 2 45.1
2 349 40.91
349 2 40.91
2 350 37.81
350 2 37.81
2 351 35.66
351 2 35.66
2 352 35.63
352 2 35.63
2 353 33.65
353 2 33.65
2 354 33.0
354 2 33.0
2 355 34.0
355 2 34.0
2 356 43.61
356 2 43.61
2 357 48.07
357 2 48.07
2 358 53.21
358 2 53.21
2 359 62.67
359 2 62.67
2 360 67.17
360 2 67.17
2 361 72.69
361 2 72.69
2 362 79.18
362 2 79.18
2 363 85.31
363 2 85.31
2 364 90.31
364 2 90.31
2 365 94.02
365 2 94.02
2 366 98.79
366 2 98.79
2 367 105.25
367 2 105.25
2 368 118.01
368 2 118.01
2 369 123.27
369 2 123.27
2 370 120.68
370 2 120.68
2 371 114.42
371 2 114.42
2 372 108.0
372 2 108.0
2 373 101.66
373 2 101.66
2 374 95.26
374 2 95.26
2 375 89.11
375 2 89.11
2 376 81.59
376 2 81.59
2 377 68.15
377 2 68.15
2 378 63.45
378 2 63.45
2 379 57.89
379 2 57.89
2 380 47.15
380 2 47.15
2 381 43.16
381 2 43.16
2 382 40.23
382 2 40.23
2 383 38.21
383 2 38.21
3 4 21.48
4 3 21.48
3 5 27.93
5 3 27.93
3 6 34.71
6 3 34.71
3 7 46.25
7 3 46.25
3 8 51.47
8 3 51.47
3 9 57.74
9 3 57.74
3 10 64.95
10 3 64.95
3 11 71.64
11 3 71.64
3 12 77.03
12 3 77.03
3 13 81.01
13 3 81.01
3 14 86.09
14 3 86.09
3 15 92.91
15 3 92.91
3 16 106.27
16 3 106.27
3 17 111.74
17 3 111.74
3 18 118.07
18 3 118.07
3 19 114.69
19 3 114.69
3 20 107.96
20 3 107.96
3 21 101.28
21 3 101.28
3 22 94.49
22 3 94.49
3 23 87.9
23 3 87.9
3 24 79.75
24 3 79.75
3 25 64.76
25 3 64.76
3 26 59.32
26 3 59.32
3 27 52.69
27 3 52.69
3 28 38.57
28 3 38.57
3 29 33.57
29 3 33.57
3 30 29.71
30 3 29.71
3 31 26.93
31 3 26.93
3 32 21.85
32 3 21.85
3 33 15.08
33 3 15.08
3 34 8.73
34 3 8.73
3 35 3.0
35 3 3.0
3 36 21.69
36 3 21.69
3 37 28.09
37 3 28.09
3 38 34.84
38 3 34.84
3 39 46.35
39 3 46.35
3 40 51.56
40 3 51.56
3 41 57.82
41 3 57.82
3 42 65.02
42 3 65.02
3 43 71.7
43 3 71.7
3 44 77.09
44 3 77.09
3 45 81.07
45 3 81.07
3 46 86.14
46 3 86.14
3 47 92.96
47 3 92.96
3 48 106.31
48 3 106.31
3 49 111.78
49 3 111.78
3 50 118.11
50 3 118.11
3 51 114.73
51 3 114.73
3 52 108.0
52 3 108.0
3 53 101.32
53 3 101.32
3 54 94.54
54 3 94.54
3 55 87.95
55 3 87.95
3 56 79.81
56 3 79.81
3 57 64.83
57 3 64.83
3 58 59.4
58 3 59.4
3 59 52.78
59 3 52.78
3 60 38.69
60 3 38.69
3 61 33.7
61 3 33.7
3 62 29.86
62 3 29.86
3 63 27.1
63 3 27.1
3 64 22.46
64 3 22.46
3 65 15.95
65 3 15.95
3 66 10.16
66 3 10.16
3 67 6.0
67 3 6.0
3 68 22.3
68 3 22.3
3 69 28.57
69 3 28.57
3 70 35.22
70 3 35.22
3 71 46.64
71 3 46.64
3 72 51.82
72 3 51.82
3 73 58.05
73 3 58.05
3 74 65.23
74 3 65.23
3 75 71.89
75 3 71.89
3 76 77.26
76 3 77.26
3 77 81.23
77 3 81.23
3 78 86.3
78 3 86.3
3 79 93.1
79 3 93.1
3 80 106.44
80 3 106.44
3 81 111.9
81 3 111.9
3 82 118.22
82 3 118.22
3 83 114.85
83 3 114.85
3 84 108.13
84 3 108.13
3 85 101.46
85 3 101.46
3 86 94.68
86 3 94.68
3 87 88.1
87 3 88.1
3 88 79.98
88 3 79.98
3 89 65.04
89 3 65.04
3 90 59.62
90 3 59.62
3 91 53.03
91 3 53.03
3 92 39.03
92 3 39.03
3 93 34.1
93 3 34.1
3 94 30.31
94 3 30.31
3 95 27.59
95 3 27.59
3 96 23.44
96 3 23.44
3 97 17.3
97 3 17.3
3 98 12.18
98 3 12.18
3 99 9.0
99 3 9.0
3 100 23.29
100 3 23.29
3 101 29.34
101 3 29.34
3 102 35.86
102 3 35.86
3 103 47.12
103 3 47.12
3 104 52.25
104 3 52.25
3 105 58.44
105 3 58.44
3 106 65.57
106 3 65.57
3 107 72.2
107 3 72.2
3 108 77.55
108 3 77.55
3 109 81.51
109 3 81.51
3 110 86.56
110 3 86.56
3 111 93.34
111 3 93.34
3 112 106.65
112 3 106.65
3 113 112.1
113 3 112.1
3 114 118.41
114 3 118.41
3 115 115.04
115 3 115.04
3 116 108.33
116 3 108.33
3 117 101.68
117 3 101.68
3 118 94.92
118 3 94.92
3 119 88.36
119 3 88.36
3 120 80.26
120 3 80.26
3 121 65.38
121 3 65.38
3 122 60.0
122 3 60.0
3 123 53.45
123 3 53.45
3 124 39.61
124 3 39.61
3 125 34.76
125 3 34.76
3 126 31.04
126 3 31.04
3 127 28.39
127 3 28.39
3 128 24.74
128 3 24.74
3 129 19.04
129 3 19.04
3 130 14.53
130 3 14.53
3 131 12.0
131 3 12.0
3 132 24.6
132 3 24.6
3 133 30.4
133 3 30.4
3 134 36.73
134 3 36.73
3 135 47.78
135 3 47.78
3 136 52.85
136 3 52.85
3 137 58.97
137 3 58.97
3 138 66.05
138 3 66.05
3 139 72.64
139 3 72.64
3 140 77.96
140 3 77.96
3 141 81.89
141 3 81.89
3 142 86.92
142 3 86.92
3 143 93.68
143 3 93.68
3 144 106.95
144 3 106.95
3 145 112.38
145 3 112.38
3 146 118.68
146 3 118.68
3 147 115.32
147 3 115.32
3 148 108.62
148 3 108.62
3 149 101.99
149 3 101.99
3 150 95.25
150 3 95.25
3 151 88.72
151 3 88.72
3 152 80.65
152 3 80.65
3 153 65.86
153 3 65.86
3 154 60.52
154 3 60.52
3 155 54.04
155 3 54.04
3 156 40.39
156 3 40.39
3 157 35.65
157 3 35.65
3 158 32.04
158 3 32.04
3 159 29.48
159 3 29.48
3 160 26.33
160 3 26.33
3 161 21.06
161 3 21.06
3 162 17.1
162 3 17.1
3 163 15.0
163 3 15.0
3 164 26.2
164 3 26.2
3 165 31.7
165 3 31.7
3 166 37.81
166 3 37.81
3 167 48.62
167 3 48.62
3 168 53.61
168 3 53.61
3 169 59.66
169 3 59.66
3 170 66.66
170 3 66.66
3 171 73.19
171 3 73.19
3 172 78.48
172 3 78.48
3 173 82.39
173 3 82.39
3 174 87.39
174 3 87.39
3 175 94.11
175 3 94.11
3 176 107.32
176 3 107.32
3 177 112.74
177 3 112.74
3 178 119.02
178 3 119.02
3 179 115.67
179 3 115.67
3 180 109.0
180 3 109.0
3 181 102.38
181 3 102.38
3 182 95.67
182 3 95.67
3 183 89.17
183 3 89.17
3 184 81.15
184 3 81.15
3 185 66.47
185 3 66.47
3 186 61.19
186 3 61.19
3 187 54.78
187 3 54.78
3 188 41.38
188 3 41.38
3 189 36.77
189 3 36.77
3 190 33.28
190 3 33.28
3 191 30.83
191 3 30.83
3 192 28.15
192 3 28.15
3 193 23.29
193 3 23.29
3 194 19.78
194 3 19.78
3 195 18.0
195 3 18.0
3 196 28.02
196 3 28.02
3 197 33.23
197 3 33.23
3 198 39.1
198 3 39.1
3 199 49.63
199 3 49.63
3 200 54.53
200 3 54.53
3 201 60.48
201 3 60.48
3 202 67.4
202 3 67.4
3 203 73.87
203 3 73.87
3 204 79.11
204 3 79.11
3 205 82.99
205 3 82.99
3 206 87.95
206 3 87.95
3 207 94.64
207 3 94.64
3 208 107.78
208 3 107.78
3 209 113.18
209 3 113.18
3 210 119.43
210 3 119.43
3 211 116.09
211 3 116.09
3 212 109.45
212 3 109.45
3 213 102.87
213 3 102.87
3 214 96.19
214 3 96.19
3 215 89.72
215 3 89.72
3 216 81.76
216 3 81.76
3 217 67.22
217 3 67.22
3 218 61.99
218 3 61.99
3 219 55.68
219 3 55.68
3 220 42.56
220 3 42.56
3 221 38.09
221 3 38.09
3 222 34.74
222 3 34.74
3 223 32.39
223 3 32.39
3 224 30.15
224 3 30.15
3 225 25.68
225 3 25.68
3 226 22.54
226 3 22.54
3 227 21.0
227 3 21.0
3 228 30.04
228 3 30.04
3 229 34.94
229 3 34.94
3 230 40.57
230 3 40.57
3 231 50.79
231 3 50.79
3 232 55.59
232 3 55.59
3 233 61.44
233 3 61.44
3 234 68.26
234 3 68.26
3 235 74.65
235 3 74.65
3 236 79.84
236 3 79.84
3 237 83.69
237 3 83.69
3 238 88.61
238 3 88.61
3 239 95.25
239 3 95.25
3 240 108.33
240 3 108.33
3 241 113.7
241 3 113.7
3 242 119.92
242 3 119.92
3 243 116.6
243 3 116.6
3 244 109.98
244 3 109.98
3 245 103.43
245 3 103.43
3 246 96.8
246 3 96.8
3 247 90.37
247 3 90.37
3 248 82.47
248 3 82.47
3 249 68.08
249 3 68.08
3 250 62.93
250 3 62.93
3 251 56.72
251 3 56.72
3 252 43.92
252 3 43.92
3 253 39.6
253 3 39.6
3 254 36.38
254 3 36.38
3 255 34.15
255 3 34.15
3 256 32.32
256 3 32.32
3 257 28.19
257 3 28.19
3 258 25.36
258 3 25.36
3 259 24.0
259 3 24.0
3 260 32.21
260 3 32.21
3 261 36.83
261 3 36.83
3 262 42.2
262 3 42.2
3 263 52.11
263 3 52.11
3 264 56.79
264 3 56.79
3 265 62.53
265 3 62.53
3 266 69.24
266 3 69.24
3 267 75.55
267 3 75.55
3 268 80.68
268 3 80.68
3 269 84.49
269 3 84.49
3 270 89.37
270 3 89.37
3 271 95.96
271 3 95.96
3 272 108.95
272 3 108.95
3 273 114.29
273 3 114.29
3 274 120.48
274 3 120.48
3 275 117.17
275 3 117.17
3 276 110.6
276 3 110.6
3 277 104.08
277 3 104.08
3 278 97.49
278 3 97.49
3 279 91.12
279 3 91.12
3 280 83.28
280 3 83.28
3 281 69.06
281 3 69.06
3 282 63.99
282 3 63.99
3 283 57.9
283 3 57.9
3 284 45.43
284 3 45.43
3 285 41.27
285 3 41.27
3 286 38.19
286 3 38.19
3 287 36.07
287 3 36.07
3 288 34.6
288 3 34.6
3 289 30.78
289 3 30.78
3 290 28.22
290 3 28.22
3 291 27.0
291 3 27.0
3 292 34.5
292 3 34.5
3 293 38.85
293 3 38.85
3 294 43.97
294 3 43.97
3 295 53.55
295 3 53.55
3 296 58.12
296 3 58.12
3 297 63.74
297 3 63.74
3 298 70.34
298 3 70.34
3 299 76.56
299 3 76.56
3 300 81.62
300 3 81.62
3 301 85.39
301 3 85.39
3 302 90.22
302 3 90.22
3 303 96.75
303 3 96.75
3 304 109.65
304 3 109.65
3 305 114.96
305 3 114.96
3 306 121.12
306 3 121.12
3 307 117.83
307 3 117.83
3 308 111.29
308 3 111.29
3 309 104.82
309 3 104.82
3 310 98.27
310 3 98.27
3 311 91.95
311 3 91.95
3 312 84.2
312 3 84.2
3 313 70.16
313 3 70.16
3 314 65.18
314 3 65.18
3 315 59.21
315 3 59.21
3 316 47.08
316 3 47.08
3 317 43.08
317 3 43.08
3 318 40.15
318 3 40.15
3 319 38.13
319 3 38.13
3 320 36.99
320 3 36.99
3 321 33.44
321 3 33.44
3 322 31.1
322 3 31.1
3 323 30.0
323 3 30.0
3 324 36.9
324 3 36.9
3 325 40.99
325 3 40.99
3 326 45.88
326 3 45.88
3 327 55.13
327 3 55.13
3 328 59.57
328 3 59.57
3 329 65.07
329 3 65.07
3 330 71.54
330 3 71.54
3 331 77.67
331 3 77.67
3 332 82.67
332 3 82.67
3 333 86.39
333 3 86.39
3 334 91.17
334 3 91.17
3 335 97.63
335 3 97.63
3 336 110.42
336 3 110.42
3 337 115.7
337 3 115.7
3 338 121.82
338 3 121.82
3 339 118.55
339 3 118.55
3 340 112.05
340 3 112.05
3 341 105.63
341 3 105.63
3 342 99.14
342 3 99.14
3 343 92.88
343 3 92.88
3 344 85.21
344 3 85.21
3 345 71.37
345 3 71.37
3 346 66.47
346 3 66.47
3 347 60.63
347 3 60.63
3 348 48.86
348 3 48.86
3 349 45.02
349 3 45.02
3 350 42.22
350 3 42.22
3 351 40.31
351 3 40.31
3 352 39.46
352 3 39.46
3 353 36.16
353 3 36.16
3 354 34.0
354 3 34.0
3 355 33.0
355 3 33.0
3 356 39.37
356 3 39.37
3 357 43.23
357 3 43.23
3 358 47.89
358 3 47.89
3 359 56.82
359 3 56.82
3 360 61.14
360 3 61.14
3 361 66.5
361 3 66.5
3 362 72.85
362 3 72.85
3 363 78.88
363 3 78.88
3 364 83.8
364 3 83.8
3 365 87.47
365 3 87.47
3 366 92.2
366 3 92.2
3 367 98.6
367 3 98.6
3 368 111.28
368 3 111.28
3 369 116.51
369 3 116.51
3 370 122.59
370 3 122.59
3 371 119.34
371 3 119.34
3 372 112.89
372 3 112.89
3 373 106.52
373 3 106.52
3 374 100.09
374 3 100.09
3 375 93.89
375 3 93.89
3 376 86.31
376 3 86.31
3 377 72.68
377 3 72.68
3 378 67.88
378 3 67.88
3 379 62.17
379 3 62.17
3 380 50.76
380 3 50.76
3 381 47.07
381 3 47.07
3 382 44.4
382 3 44.4
3 383 42.59
383 3 42.59
4 5 6.58
5 4 6.58
4 6 13.44
6 4 13.44
4 7 25.59
7 4 25.59
4 8 30.81
8 4 30.81
4 9 37.08
9 4 37.08
4 10 44.29
10 4 44.29
4 11 50.98
11 4 50.98
4 12 56.37
12 4 56.37
4 13 60.35
13 4 60.35
4 14 65.43
14 4 65.43
4 15 72.25
15 4 72.25
4 16 85.61
16 4 85.61
4 17 91.08
17 4 91.08
4 18 97.41
18 4 97.41
4 19 103.82
19 4 103.82
4 20 110.52
20 4 110.52
4 21 117.19
21 4 117.19
4 22 115.96
22 4 115.96
4 23 109.37
23 4 109.37
4 24 101.22
24 4 101.22
4 25 86.23
25 4 86.23
4 26 80.79
26 4 80.79
4 27 74.16
27 4 74.16
4 28 60.04
28 4 60.04
4 29 54.99
29 4 54.99
4 30 50.94
30 4 50.94
4 31 47.74
31 4 47.74
4 32 41.71
32 4 41.71
4 33 34.99
33 4 34.99
4 34 28.67
34 4 28.67
4 35 21.69
35 4 21.69
4 36 3.0
36 4 3.0
4 37 7.23
37 4 7.23
4 38 13.77
38 4 13.77
4 39 25.77
39 4 25.77
4 40 30.96
40 4 30.96
4 41 37.2
41 4 37.2
4 42 44.39
42 4 44.39
4 43 51.07
43 4 51.07
4 44 56.45
44 4 56.45
4 45 60.42
45 4 60.42
4 46 65.5
46 4 65.5
4 47 72.31
47 4 72.31
4 48 85.66
48 4 85.66
4 49 91.13
49 4 91.13
4 50 97.46
50 4 97.46
4 51 103.86
51 4 103.86
4 52 110.56
52 4 110.56
4 53 117.23
53 4 117.23
4 54 116.0
54 4 116.0
4 55 109.41
55 4 109.41
4 56 101.26
56 4 101.26
4 57 86.28
57 4 86.28
4 58 80.85
58 4 80.85
4 59 74.22
59 4 74.22
4 60 60.11
60 4 60.11
4 61 55.07
61 4 55.07
4 62 51.03
62 4 51.03
4 63 47.83
63 4 47.83
4 64 42.03
64 4 42.03
4 65 35.37
65 4 35.37
4 66 29.13
66 4 29.13
4 67 22.3
67 4 22.3
4 68 6.0
68 4 6.0
4 69 8.9
69 4 8.9
4 70 14.72
70 4 14.72
4 71 26.28
71 4 26.28
4 72 31.39
72 4 31.39
4 73 37.56
73 4 37.56
4 74 44.69
74 4 44.69
4 75 51.33
75 4 51.33
4 76 56.69
76 4 56.69
4 77 60.65
77 4 60.65
4 78 65.7
78 4 65.7
4 79 72.5
79 4 72.5
4 80 85.82
80 4 85.82
4 81 91.28
81 4 91.28
4 82 97.59
82 4 97.59
4 83 103.99
83 4 103.99
4 84 110.68
84 4 110.68
4 85 117.34
85 4 117.34
4 86 116.12
86 4 116.12
4 87 109.53
87 4 109.53
4 88 101.4
88 4 101.4
4 89 86.44
89 4 86.44
4 90 81.01
90 4 81.01
4 91 74.4
91 4 74.4
4 92 60.34
92 4 60.34
4 93 55.32
93 4 55.32
4 94 51.29
94 4 51.29
4 95 48.12
95 4 48.12
4 96 42.56
96 4 42.56
4 97 36.0
97 4 36.0
4 98 29.9
98 4 29.9
4 99 23.29
99 4 23.29
4 100 9.0
100 4 9.0
4 101 11.15
101 4 11.15
4 102 16.18
102 4 16.18
4 103 27.13
103 4 27.13
4 104 32.1
104 4 32.1
4 105 38.16
105 4 38.16
4 106 45.2
106 4 45.2
4 107 51.77
107 4 51.77
4 108 57.08
108 4 57.08
4 109 61.02
109 4 61.02
4 110 66.05
110 4 66.05
4 111 72.81
111 4 72.81
4 112 86.08
112 4 86.08
4 113 91.52
113 4 91.52
4 114 97.82
114 4 97.82
4 115 104.21
115 4 104.21
4 116 110.89
116 4 110.89
4 117 117.54
117 4 117.54
4 118 116.31
118 4 116.31
4 119 109.74
119 4 109.74
4 120 101.62
120 4 101.62
4 121 86.7
121 4 86.7
4 122 81.29
122 4 81.29
4 123 74.7
123 4 74.7
4 124 60.71
124 4 60.71
4 125 55.72
125 4 55.72
4 126 51.73
126 4 51.73
4 127 48.58
127 4 48.58
4 128 43.3
128 4 43.3
4 129 36.87
129 4 36.87
4 130 30.93
130 4 30.93
4 131 24.6
131 4 24.6
4 132 12.0
132 4 12.0
4 133 13.69
133 4 13.69
4 134 18.02
134 4 18.02
4 135 28.26
135 4 28.26
4 136 33.06
136 4 33.06
4 137 38.97
137 4 38.97
4 138 45.89
138 4 45.89
4 139 52.37
139 4 52.37
4 140 57.63
140 4 57.63
4 141 61.53
141 4 61.53
4 142 66.52
142 4 66.52
4 143 73.24
143 4 73.24
4 144 86.45
144 4 86.45
4 145 91.87
145 4 91.87
4 146 98.15
146 4 98.15
4 147 104.51
147 4 104.51
4 148 111.17
148 4 111.17
4 149 117.8
149 4 117.8
4 150 116.58
150 4 116.58
4 151 110.03
151 4 110.03
4 152 101.93
152 4 101.93
4 153 87.06
153 4 87.06
4 154 81.68
154 4 81.68
4 155 75.12
155 4 75.12
4 156 61.23
156 4 61.23
4 157 56.28
157 4 56.28
4 158 52.33
158 4 52.33
4 159 49.23
159 4 49.23
4 160 44.22
160 4 44.22
4 161 37.95
161 4 37.95
4 162 32.22
162 4 32.22
4 163 26.2
163 4 26.2
4 164 15.0
164 4 15.0
4 165 16.38
165 4 16.38
4 166 20.14
166 4 20.14
4 167 29.66
167 4 29.66
4 168 34.27
168 4 34.27
4 169 40.0
169 4 40.0
4 170 46.76
170 4 46.76
4 171 53.14
171 4 53.14
4 172 58.33
172 4 58.33
4 173 62.19
173 4 62.19
4 174 67.13
174 4 67.13
4 175 73.79
175 4 73.79
4 176 86.91
176 4 86.91
4 177 92.31
177 4 92.31
4 178 98.56
178 4 98.56
4 179 104.9
179 4 104.9
4 180 111.53
180 4 111.53
4 181 118.15
