i j d
0 1 136.74
1 0 136.74
0 2 137.55
2 0 137.55
0 3 131.42
3 0 131.42
0 4 124.65
4 0 124.65
0 5 136.0
5 0 136.0
0 6 136.81
6 0 136.81
0 7 130.65
7 0 130.65
0 8 123.85
8 0 123.85
0 9 135.32
9 0 135.32
0 10 136.14
10 0 136.14
0 11 129.95
11 0 129.95
0 12 123.1
12 0 123.1
0 13 134.71
13 0 134.71
0 14 135.54
14 0 135.54
0 15 129.31
15 0 129.31
0 16 122.43
16 0 122.43
0 17 134.17
17 0 134.17
0 18 134.99
18 0 134.99
0 19 128.74
19 0 128.74
0 20 121.83
20 0 121.83
0 21 133.68
21 0 133.68
0 22 134.52
22 0 134.52
0 23 128.24
23 0 128.24
0 24 121.3
24 0 121.3
0 25 133.27
25 0 133.27
0 26 134.1
26 0 134.1
0 27 127.81
27 0 127.81
0 28 120.84
28 0 120.84
0 29 132.92
29 0 132.92
0 30 133.75
30 0 133.75
0 31 127.44
31 0 127.44
0 32 120.46
32 0 120.46
0 33 132.64
33 0 132.64
0 34 133.47
34 0 133.47
0 35 127.15
35 0 127.15
0 36 120.14
36 0 120.14
0 37 132.42
37 0 132.42
0 38 133.26
38 0 133.26
0 39 126.92
39 0 126.92
0 40 119.91
40 0 119.91
0 41 132.27
41 0 132.27
0 42 133.11
42 0 133.11
0 43 126.77
43 0 126.77
0 44 119.74
44 0 119.74
0 45 132.2
45 0 132.2
0 46 133.04
46 0 133.04
0 47 126.69
47 0 126.69
0 48 119.66
48 0 119.66
0 49 93.16
49 0 93.16
0 50 98.98
50 0 98.98
0 51 104.99
51 0 104.99
0 52 92.08
52 0 92.08
0 53 97.96
53 0 97.96
0 54 104.02
54 0 104.02
0 55 91.08
55 0 91.08
0 56 97.03
56 0 97.03
0 57 103.14
57 0 103.14
0 58 90.17
58 0 90.17
0 59 96.17
59 0 96.17
0 60 102.34
60 0 102.34
0 61 89.35
61 0 89.35
0 62 95.4
62 0 95.4
0 63 101.62
63 0 101.62
0 64 88.63
64 0 88.63
0 65 94.73
65 0 94.73
0 66 100.98
66 0 100.98
0 67 88.0
67 0 88.0
0 68 94.14
68 0 94.14
0 69 100.43
69 0 100.43
0 70 87.47
70 0 87.47
0 71 93.64
71 0 93.64
0 72 99.97
72 0 99.97
0 73 87.04
73 0 87.04
0 74 93.24
74 0 93.24
0 75 99.59
75 0 99.59
0 76 86.71
76 0 86.71
0 77 92.93
77 0 92.93
0 78 99.3
78 0 99.3
0 79 86.48
79 0 86.48
0 80 92.72
80 0 92.72
0 81 99.11
81 0 99.11
0 82 86.36
82 0 86.36
0 83 92.61
83 0 92.61
0 84 99.0
84 0 99.0
0 85 82.77
85 0 82.77
0 86 77.42
86 0 77.42
0 87 71.68
87 0 71.68
0 88 65.39
88 0 65.39
0 89 59.81
89 0 59.81
0 90 81.55
90 0 81.55
0 91 76.11
91 0 76.11
0 92 70.26
92 0 70.26
0 93 63.83
93 0 63.83
0 94 58.11
94 0 58.11
0 95 80.42
95 0 80.42
0 96 74.9
96 0 74.9
0 97 68.95
97 0 68.95
0 98 62.38
98 0 62.38
0 99 56.51
99 0 56.51
0 100 79.39
100 0 79.39
0 101 73.79
101 0 73.79
0 102 67.74
102 0 67.74
0 103 61.04
103 0 61.04
0 104 55.03
104 0 55.03
0 105 78.46
105 0 78.46
0 106 72.79
106 0 72.79
0 107 66.64
107 0 66.64
0 108 59.83
108 0 59.83
0 109 53.68
109 0 53.68
0 110 77.63
110 0 77.63
0 111 71.9
111 0 71.9
0 112 65.67
112 0 65.67
0 113 58.74
113 0 58.74
0 114 52.46
114 0 52.46
0 115 76.91
115 0 76.91
0 116 71.12
116 0 71.12
0 117 64.82
117 0 64.82
0 118 57.79
118 0 57.79
0 119 51.39
119 0 51.39
0 120 76.31
120 0 76.31
0 121 70.46
121 0 70.46
0 122 64.1
122 0 64.1
0 123 56.98
123 0 56.98
0 124 50.48
124 0 50.48
0 125 75.81
125 0 75.81
0 126 69.93
126 0 69.93
0 127 63.51
127 0 63.51
0 128 56.31
128 0 56.31
0 129 49.73
129 0 49.73
0 130 75.44
130 0 75.44
0 131 69.52
131 0 69.52
0 132 63.06
132 0 63.06
0 133 55.81
133 0 55.81
0 134 49.16
134 0 49.16
0 135 75.18
135 0 75.18
0 136 69.24
136 0 69.24
0 137 62.75
137 0 62.75
0 138 55.46
138 0 55.46
0 139 48.76
139 0 48.76
0 140 75.04
140 0 75.04
0 141 69.09
141 0 69.09
0 142 62.58
142 0 62.58
0 143 55.27
143 0 55.27
0 144 48.54
144 0 48.54
0 145 55.16
145 0 55.16
0 146 52.14
146 0 52.14
0 147 48.5
147 0 48.5
0 148 44.06
148 0 44.06
0 149 53.3
149 0 53.3
0 150 50.18
150 0 50.18
0 151 46.38
151 0 46.38
0 152 41.71
152 0 41.71
0 153 51.56
153 0 51.56
0 154 48.32
154 0 48.32
0 155 44.36
155 0 44.36
0 156 39.46
156 0 39.46
0 157 49.93
157 0 49.93
0 158 46.58
158 0 46.58
0 159 42.46
159 0 42.46
0 160 37.31
160 0 37.31
0 161 48.44
161 0 48.44
0 162 44.98
162 0 44.98
0 163 40.69
163 0 40.69
0 164 35.29
164 0 35.29
0 165 47.09
165 0 47.09
0 166 43.52
166 0 43.52
0 167 39.08
167 0 39.08
0 168 33.41
168 0 33.41
0 169 45.89
169 0 45.89
0 170 42.22
170 0 42.22
0 171 37.63
171 0 37.63
0 172 31.7
172 0 31.7
0 173 44.87
173 0 44.87
0 174 41.11
174 0 41.11
0 175 36.37
175 0 36.37
0 176 30.2
176 0 30.2
0 177 44.03
177 0 44.03
0 178 40.18
178 0 40.18
0 179 35.33
179 0 35.33
0 180 28.93
180 0 28.93
0 181 43.37
181 0 43.37
0 182 39.47
182 0 39.47
0 183 34.51
183 0 34.51
0 184 27.93
184 0 27.93
0 185 42.92
185 0 42.92
0 186 38.97
186 0 38.97
0 187 33.94
187 0 33.94
0 188 27.22
188 0 27.22
0 189 42.68
189 0 42.68
0 190 38.7
190 0 38.7
0 191 33.63
191 0 33.63
0 192 26.83
192 0 26.83
0 193 38.58
193 0 38.58
0 194 40.12
194 0 40.12
0 195 42.67
195 0 42.67
0 196 45.99
196 0 45.99
0 197 50.11
197 0 50.11
0 198 54.72
198 0 54.72
0 199 59.84
199 0 59.84
0 200 65.18
200 0 65.18
0 201 72.35
201 0 72.35
0 202 35.88
202 0 35.88
0 203 37.54
203 0 37.54
0 204 40.25
204 0 40.25
0 205 43.75
205 0 43.75
0 206 48.06
206 0 48.06
0 207 52.85
207 0 52.85
0 208 58.14
208 0 58.14
0 209 63.61
209 0 63.61
0 210 70.95
210 0 70.95
0 211 33.23
211 0 33.23
0 212 35.01
212 0 35.01
0 213 37.91
213 0 37.91
0 214 41.61
214 0 41.61
0 215 46.12
215 0 46.12
0 216 51.09
216 0 51.09
0 217 56.54
217 0 56.54
0 218 62.16
218 0 62.16
0 219 69.64
219 0 69.64
0 220 30.64
220 0 30.64
0 221 32.57
221 0 32.57
0 222 35.66
222 0 35.66
0 223 39.58
223 0 39.58
0 224 44.29
224 0 44.29
0 225 49.45
225 0 49.45
0 226 55.06
226 0 55.06
0 227 60.82
227 0 60.82
0 228 68.45
228 0 68.45
0 229 28.14
229 0 28.14
0 230 30.23
230 0 30.23
0 231 33.54
231 0 33.54
0 232 37.68
232 0 37.68
0 233 42.6
233 0 42.6
0 234 47.94
234 0 47.94
0 235 53.71
235 0 53.71
0 236 59.6
236 0 59.6
0 237 67.37
237 0 67.37
0 238 25.75
238 0 25.75
0 239 28.02
239 0 28.02
0 240 31.56
240 0 31.56
0 241 35.92
241 0 35.92
0 242 41.06
242 0 41.06
0 243 46.57
243 0 46.57
0 244 52.5
244 0 52.5
0 245 58.5
245 0 58.5
0 246 66.4
246 0 66.4
0 247 23.5
247 0 23.5
0 248 25.96
248 0 25.96
0 249 29.75
249 0 29.75
0 250 34.34
250 0 34.34
0 251 39.69
251 0 39.69
0 252 45.37
252 0 45.37
0 253 51.43
253 0 51.43
0 254 57.55
254 0 57.55
0 255 65.56
255 0 65.56
0 256 21.43
256 0 21.43
0 257 24.1
257 0 24.1
0 258 28.14
258 0 28.14
0 259 32.96
259 0 32.96
0 260 38.5
260 0 38.5
0 261 44.33
261 0 44.33
0 262 50.52
262 0 50.52
0 263 56.73
263 0 56.73
0 264 64.85
264 0 64.85
0 265 19.6
265 0 19.6
0 266 22.49
266 0 22.49
0 267 26.77
267 0 26.77
0 268 31.8
268 0 31.8
0 269 37.51
269 0 37.51
0 270 43.47
270 0 43.47
0 271 49.77
271 0 49.77
0 272 56.07
272 0 56.07
0 273 64.27
273 0 64.27
0 274 18.09
274 0 18.09
0 275 21.19
275 0 21.19
0 276 25.69
276 0 25.69
0 277 30.89
277 0 30.89
0 278 36.74
278 0 36.74
0 279 42.81
279 0 42.81
0 280 49.19
280 0 49.19
0 281 55.56
281 0 55.56
0 282 63.82
282 0 63.82
0 283 16.97
283 0 16.97
0 284 20.25
284 0 20.25
0 285 24.92
285 0 24.92
0 286 30.26
286 0 30.26
0 287 36.21
287 0 36.21
0 288 42.36
288 0 42.36
0 289 48.8
289 0 48.8
0 290 55.21
290 0 55.21
0 291 63.52
291 0 63.52
0 292 16.34
292 0 16.34
0 293 19.72
293 0 19.72
0 294 24.49
294 0 24.49
0 295 29.91
295 0 29.91
0 296 35.92
296 0 35.92
0 297 42.11
297 0 42.11
0 298 48.58
298 0 48.58
0 299 55.02
299 0 55.02
0 300 63.35
300 0 63.35
0 301 86.95
301 0 86.95
0 302 91.63
302 0 91.63
0 303 97.93
303 0 97.93
0 304 85.79
304 0 85.79
0 305 90.52
305 0 90.52
0 306 96.9
306 0 96.9
0 307 84.72
307 0 84.72
0 308 89.51
308 0 89.51
0 309 95.95
309 0 95.95
0 310 83.74
310 0 83.74
0 311 88.58
311 0 88.58
0 312 95.08
312 0 95.08
0 313 82.86
313 0 82.86
0 314 87.75
314 0 87.75
0 315 94.31
315 0 94.31
0 316 82.07
316 0 82.07
0 317 87.01
317 0 87.01
0 318 93.62
318 0 93.62
0 319 81.4
319 0 81.4
0 320 86.37
320 0 86.37
0 321 93.03
321 0 93.03
0 322 80.82
322 0 80.82
0 323 85.83
323 0 85.83
0 324 92.53
324 0 92.53
0 325 80.36
325 0 80.36
0 326 85.39
326 0 85.39
0 327 92.12
327 0 92.12
0 328 80.0
328 0 80.0
0 329 85.06
329 0 85.06
0 330 91.81
330 0 91.81
0 331 79.76
331 0 79.76
0 332 84.83
332 0 84.83
0 333 91.6
333 0 91.6
0 334 79.63
334 0 79.63
0 335 84.7
335 0 84.7
0 336 91.48
336 0 91.48
0 337 128.24
337 0 128.24
0 338 121.82
338 0 121.82
0 339 115.71
339 0 115.71
0 340 110.1
340 0 110.1
0 341 127.45
341 0 127.45
0 342 120.99
342 0 120.99
0 343 114.84
343 0 114.84
0 344 109.18
344 0 109.18
0 345 126.73
345 0 126.73
0 346 120.23
346 0 120.23
0 347 114.04
347 0 114.04
0 348 108.34
348 0 108.34
0 349 126.08
349 0 126.08
0 350 119.54
350 0 119.54
0 351 113.31
351 0 113.31
0 352 107.58
352 0 107.58
0 353 125.5
353 0 125.5
0 354 118.93
354 0 118.93
0 355 112.66
355 0 112.66
0 356 106.89
356 0 106.89
0 357 124.98
357 0 124.98
0 358 118.38
358 0 118.38
0 359 112.09
359 0 112.09
0 360 106.29
360 0 106.29
0 361 124.54
361 0 124.54
0 362 117.91
362 0 117.91
0 363 111.59
363 0 111.59
0 364 105.77
364 0 105.77
0 365 124.16
365 0 124.16
0 366 117.52
366 0 117.52
0 367 111.18
367 0 111.18
0 368 105.32
368 0 105.32
0 369 123.86
369 0 123.86
0 370 117.2
370 0 117.2
0 371 110.84
371 0 110.84
0 372 104.97
372 0 104.97
0 373 123.63
373 0 123.63
0 374 116.95
374 0 116.95
0 375 110.58
375 0 110.58
0 376 104.7
376 0 104.7
0 377 123.47
377 0 123.47
0 378 116.79
378 0 116.79
0 379 110.4
379 0 110.4
0 380 104.51
380 0 104.51
0 381 123.39
381 0 123.39
0 382 116.7
382 0 116.7
0 383 110.31
383 0 110.31
0 384 104.41
384 0 104.41
0 385 128.06
385 0 128.06
0 386 134.19
386 0 134.19
0 387 126.12
387 0 126.12
0 388 132.33
388 0 132.33
0 389 124.79
389 0 124.79
0 390 131.07
390 0 131.07
0 391 124.1
391 0 124.1
0 392 130.42
392 0 130.42
0 393 101.3
393 0 101.3
0 394 98.82
394 0 98.82
0 395 97.12
395 0 97.12
0 396 96.24
396 0 96.24
0 397 100.67
397 0 100.67
0 398 101.52
398 0 101.52
0 399 103.15
399 0 103.15
0 400 105.52
400 0 105.52
0 401 79.81
401 0 79.81
0 402 68.49
402 0 68.49
0 403 76.64
403 0 76.64
0 404 64.78
404 0 64.78
0 405 74.44
405 0 74.44
0 406 62.16
406 0 62.16
0 407 73.28
407 0 73.28
0 408 60.77
408 0 60.77
0 409 54.22
409 0 54.22
0 410 55.78
410 0 55.78
0 411 58.68
411 0 58.68
0 412 62.76
412 0 62.76
0 413 51.08
413 0 51.08
0 414 45.98
414 0 45.98
0 415 42.2
415 0 42.2
0 416 40.12
416 0 40.12
0 417 34.73
417 0 34.73
0 418 37.11
418 0 37.11
0 419 41.36
419 0 41.36
0 420 46.96
420 0 46.96
0 421 33.82
421 0 33.82
0 422 39.47
422 0 39.47
0 423 48.35
423 0 48.35
0 424 59.27
424 0 59.27
0 425 25.47
425 0 25.47
0 426 32.6
426 0 32.6
0 427 42.93
427 0 42.93
0 428 54.94
428 0 54.94
0 429 17.77
429 0 17.77
0 430 27.02
430 0 27.02
0 431 38.86
431 0 38.86
0 432 51.82
432 0 51.82
0 433 12.03
433 0 12.03
0 434 23.64
434 0 23.64
0 435 36.59
435 0 36.59
0 436 50.14
436 0 50.14
0 437 57.86
437 0 57.86
0 438 59.32
438 0 59.32
0 439 62.06
439 0 62.06
0 440 65.93
440 0 65.93
0 441 94.48
441 0 94.48
0 442 91.83
442 0 91.83
0 443 90.0
443 0 90.0
0 444 89.04
444 0 89.04
0 445 92.98
445 0 92.98
0 446 93.9
446 0 93.9
0 447 95.66
447 0 95.66
0 448 98.21
448 0 98.21
0 449 128.02
449 0 128.02
0 450 119.34
450 0 119.34
0 451 126.08
451 0 126.08
0 452 117.25
452 0 117.25
0 453 124.75
453 0 124.75
0 454 115.82
454 0 115.82
0 455 124.06
455 0 124.06
0 456 115.08
456 0 115.08
1 2 6.86
2 1 6.86
1 3 13.44
3 1 13.44
1 4 21.64
4 1 21.64
1 5 3.0
5 1 3.0
1 6 7.49
6 1 7.49
1 7 13.77
7 1 13.77
1 8 21.85
8 1 21.85
1 9 6.0
9 1 6.0
1 10 9.11
10 1 9.11
1 11 14.72
11 1 14.72
1 12 22.46
12 1 22.46
1 13 9.0
13 1 9.0
1 14 11.32
14 1 11.32
1 15 16.18
15 1 16.18
1 16 23.44
16 1 23.44
1 17 12.0
17 1 12.0
1 18 13.82
18 1 13.82
1 19 18.02
19 1 18.02
1 20 24.74
20 1 24.74
1 21 15.0
21 1 15.0
1 22 16.49
22 1 16.49
1 23 20.14
23 1 20.14
1 24 26.33
24 1 26.33
1 25 18.0
25 1 18.0
1 26 19.26
26 1 19.26
1 27 22.46
27 1 22.46
1 28 28.15
28 1 28.15
1 29 21.0
29 1 21.0
1 30 22.09
30 1 22.09
1 31 24.93
31 1 24.93
1 32 30.15
32 1 30.15
1 33 24.0
33 1 24.0
1 34 24.96
34 1 24.96
1 35 27.51
35 1 27.51
1 36 32.32
36 1 32.32
1 37 27.0
37 1 27.0
1 38 27.86
38 1 27.86
1 39 30.16
39 1 30.16
1 40 34.6
40 1 34.6
1 41 30.0
41 1 30.0
1 42 30.77
42 1 30.77
1 43 32.87
43 1 32.87
1 44 36.99
44 1 36.99
1 45 33.0
45 1 33.0
1 46 33.71
46 1 33.71
1 47 35.63
47 1 35.63
1 48 39.46
48 1 39.46
1 49 54.83
49 1 54.83
1 50 48.05
50 1 48.05
1 51 41.6
51 1 41.6
1 52 54.91
52 1 54.91
1 53 48.14
53 1 48.14
1 54 41.71
54 1 41.71
1 55 55.16
55 1 55.16
1 56 48.42
56 1 48.42
1 57 42.03
57 1 42.03
1 58 55.56
58 1 55.56
1 59 48.89
59 1 48.89
1 60 42.56
60 1 42.56
1 61 56.13
61 1 56.13
1 62 49.53
62 1 49.53
1 63 43.3
63 1 43.3
1 64 56.84
64 1 56.84
1 65 50.34
65 1 50.34
1 66 44.22
66 1 44.22
1 67 57.71
67 1 57.71
1 68 51.31
68 1 51.31
1 69 45.33
69 1 45.33
1 70 58.71
70 1 58.71
1 71 52.44
71 1 52.44
1 72 46.6
72 1 46.6
1 73 59.85
73 1 59.85
1 74 53.71
74 1 53.71
1 75 48.03
75 1 48.03
1 76 61.12
76 1 61.12
1 77 55.12
77 1 55.12
1 78 49.59
78 1 49.59
1 79 62.5
79 1 62.5
1 80 56.65
80 1 56.65
1 81 51.29
81 1 51.29
1 82 63.99
82 1 63.99
1 83 58.29
83 1 58.29
1 84 53.1
84 1 53.1
1 85 66.37
85 1 66.37
1 86 71.59
86 1 71.59
1 87 77.86
87 1 77.86
1 88 85.07
88 1 85.07
1 89 91.76
89 1 91.76
1 90 66.44
90 1 66.44
1 91 71.65
91 1 71.65
1 92 77.92
92 1 77.92
1 93 85.12
93 1 85.12
1 94 91.81
94 1 91.81
1 95 66.64
95 1 66.64
1 96 71.84
96 1 71.84
1 97 78.09
97 1 78.09
1 98 85.28
98 1 85.28
1 99 91.96
99 1 91.96
1 100 66.98
100 1 66.98
1 101 72.15
101 1 72.15
1 102 78.38
102 1 78.38
1 103 85.54
103 1 85.54
1 104 92.2
104 1 92.2
1 105 67.45
105 1 67.45
1 106 72.59
106 1 72.59
1 107 78.78
107 1 78.78
1 108 85.91
108 1 85.91
1 109 92.54
109 1 92.54
1 110 68.04
110 1 68.04
1 111 73.14
111 1 73.14
1 112 79.29
112 1 79.29
1 113 86.38
113 1 86.38
1 114 92.98
114 1 92.98
1 115 68.77
115 1 68.77
1 116 73.82
116 1 73.82
1 117 79.91
117 1 79.91
1 118 86.95
118 1 86.95
1 119 93.51
119 1 93.51
1 120 69.61
120 1 69.61
1 121 74.61
121 1 74.61
1 122 80.64
122 1 80.64
1 123 87.62
123 1 87.62
1 124 94.13
124 1 94.13
1 125 70.58
125 1 70.58
1 126 75.51
126 1 75.51
1 127 81.48
127 1 81.48
1 128 88.39
128 1 88.39
1 129 94.85
129 1 94.85
1 130 71.65
130 1 71.65
1 131 76.51
131 1 76.51
1 132 82.41
132 1 82.41
1 133 89.25
133 1 89.25
1 134 95.65
134 1 95.65
1 135 72.84
135 1 72.84
1 136 77.62
136 1 77.62
1 137 83.44
137 1 83.44
1 138 90.2
138 1 90.2
1 139 96.54
139 1 96.54
1 140 74.12
140 1 74.12
1 141 78.83
141 1 78.83
1 142 84.56
142 1 84.56
1 143 91.25
143 1 91.25
1 144 97.51
144 1 97.51
1 145 97.15
145 1 97.15
1 146 101.13
146 1 101.13
1 147 106.21
147 1 106.21
1 148 113.03
148 1 113.03
1 149 97.2
149 1 97.2
1 150 101.17
150 1 101.17
1 151 106.25
151 1 106.25
1 152 113.07
152 1 113.07
1 153 97.34
153 1 97.34
1 154 101.31
154 1 101.31
1 155 106.38
155 1 106.38
1 156 113.19
156 1 113.19
1 157 97.57
157 1 97.57
1 158 101.53
158 1 101.53
1 159 106.59
159 1 106.59
1 160 113.39
160 1 113.39
1 161 97.89
161 1 97.89
1 162 101.84
162 1 101.84
1 163 106.89
163 1 106.89
1 164 113.67
164 1 113.67
1 165 98.3
165 1 98.3
1 166 102.24
166 1 102.24
1 167 107.26
167 1 107.26
1 168 114.02
168 1 114.02
1 169 98.8
169 1 98.8
1 170 102.72
170 1 102.72
1 171 107.72
171 1 107.72
1 172 114.45
172 1 114.45
1 173 99.39
173 1 99.39
1 174 103.29
174 1 103.29
1 175 108.27
175 1 108.27
1 176 114.96
176 1 114.96
1 177 100.07
177 1 100.07
1 178 103.94
178 1 103.94
1 179 108.89
179 1 108.89
1 180 115.55
180 1 115.55
1 181 100.83
181 1 100.83
1 182 104.67
182 1 104.67
1 183 109.59
183 1 109.59
1 184 116.21
184 1 116.21
1 185 101.68
185 1 101.68
1 186 105.49
186 1 105.49
1 187 110.37
187 1 110.37
1 188 116.94
188 1 116.94
1 189 102.6
189 1 102.6
1 190 106.38
190 1 106.38
1 191 111.22
191 1 111.22
1 192 117.75
192 1 117.75
1 193 123.6
193 1 123.6
1 194 117.13
194 1 117.13
1 195 110.53
195 1 110.53
1 196 104.01
196 1 104.01
1 197 97.28
197 1 97.28
1 198 90.6
198 1 90.6
1 199 83.81
199 1 83.81
1 200 77.22
200 1 77.22
1 201 69.07
201 1 69.07
1 202 123.64
202 1 123.64
1 203 117.17
203 1 117.17
1 204 110.57
204 1 110.57
1 205 104.05
205 1 104.05
1 206 97.33
206 1 97.33
1 207 90.65
207 1 90.65
1 208 83.86
208 1 83.86
1 209 77.28
209 1 77.28
1 210 69.14
210 1 69.14
1 211 123.75
211 1 123.75
1 212 117.28
212 1 117.28
1 213 110.69
213 1 110.69
1 214 104.18
214 1 104.18
1 215 97.46
215 1 97.46
1 216 90.8
216 1 90.8
1 217 84.02
217 1 84.02
1 218 77.45
218 1 77.45
1 219 69.33
219 1 69.33
1 220 123.93
220 1 123.93
1 221 117.48
221 1 117.48
1 222 110.9
222 1 110.9
1 223 104.4
223 1 104.4
1 224 97.7
224 1 97.7
1 225 91.05
225 1 91.05
1 226 84.29
226 1 84.29
1 227 77.74
227 1 77.74
1 228 69.65
228 1 69.65
1 229 124.18
229 1 124.18
1 230 117.74
230 1 117.74
1 231 111.18
231 1 111.18
1 232 104.7
232 1 104.7
1 233 98.02
233 1 98.02
1 234 91.39
234 1 91.39
1 235 84.66
235 1 84.66
1 236 78.15
236 1 78.15
1 237 70.1
237 1 70.1
1 238 124.51
238 1 124.51
1 239 118.09
239 1 118.09
1 240 111.54
240 1 111.54
1 241 105.09
241 1 105.09
1 242 98.43
242 1 98.43
1 243 91.83
243 1 91.83
1 244 85.14
244 1 85.14
1 245 78.66
245 1 78.66
1 246 70.68
246 1 70.68
1 247 124.9
247 1 124.9
1 248 118.51
248 1 118.51
1 249 111.99
249 1 111.99
1 250 105.56
250 1 105.56
1 251 98.93
251 1 98.93
1 252 92.37
252 1 92.37
1 253 85.72
253 1 85.72
1 254 79.29
254 1 79.29
1 255 71.38
255 1 71.38
1 256 125.37
256 1 125.37
1 257 119.0
257 1 119.0
1 258 112.51
258 1 112.51
1 259 106.11
259 1 106.11
1 260 99.52
260 1 99.52
1 261 93.0
261 1 93.0
1 262 86.4
262 1 86.4
1 263 80.02
263 1 80.02
1 264 72.19
264 1 72.19
1 265 125.91
265 1 125.91
1 266 119.56
266 1 119.56
1 267 113.11
267 1 113.11
1 268 106.74
268 1 106.74
1 269 100.2
269 1 100.2
1 270 93.72
270 1 93.72
1 271 87.18
271 1 87.18
1 272 80.86
272 1 80.86
1 273 73.12
273 1 73.12
1 274 126.51
274 1 126.51
1 275 120.2
275 1 120.2
1 276 113.78
276 1 113.78
1 277 107.46
277 1 107.46
1 278 100.96
278 1 100.96
1 279 94.54
279 1 94.54
1 280 88.05
280 1 88.05
1 281 81.8
281 1 81.8
1 282 74.16
282 1 74.16
1 283 127.19
283 1 127.19
1 284 120.91
284 1 120.91
1 285 114.53
285 1 114.53
1 286 108.25
286 1 108.25
1 287 101.8
287 1 101.8
1 288 95.44
288 1 95.44
1 289 89.02
289 1 89.02
1 290 82.84
290 1 82.84
1 291 75.3
291 1 75.3
1 292 127.93
292 1 127.93
1 293 121.69
293 1 121.69
1 294 115.35
294 1 115.35
1 295 109.12
295 1 109.12
1 296 102.72
296 1 102.72
1 297 96.42
297 1 96.42
1 298 90.07
298 1 90.07
1 299 83.98
299 1 83.98
1 300 76.55
300 1 76.55
1 301 54.08
301 1 54.08
1 302 48.64
302 1 48.64
1 303 42.01
303 1 42.01
1 304 54.16
304 1 54.16
1 305 48.73
305 1 48.73
1 306 42.12
306 1 42.12
1 307 54.41
307 1 54.41
1 308 49.01
308 1 49.01
1 309 42.44
309 1 42.44
1 310 54.82
310 1 54.82
1 311 49.47
311 1 49.47
1 312 42.96
312 1 42.96
1 313 55.4
313 1 55.4
1 314 50.1
314 1 50.1
1 315 43.69
315 1 43.69
1 316 56.12
316 1 56.12
1 317 50.9
317 1 50.9
1 318 44.61
318 1 44.61
1 319 57.0
319 1 57.0
1 320 51.86
320 1 51.86
1 321 45.7
321 1 45.7
1 322 58.01
322 1 58.01
1 323 52.98
323 1 52.98
1 324 46.97
324 1 46.97
1 325 59.17
325 1 59.17
1 326 54.24
326 1 54.24
1 327 48.38
327 1 48.38
1 328 60.45
328 1 60.45
1 329 55.63
329 1 55.63
1 330 49.94
330 1 49.94
1 331 61.84
331 1 61.84
1 332 57.15
332 1 57.15
1 333 51.62
333 1 51.62
1 334 63.35
334 1 63.35
1 335 58.78
335 1 58.78
1 336 53.42
336 1 53.42
1 337 9.1
337 1 9.1
1 338 15.51
338 1 15.51
1 339 22.02
339 1 22.02
1 340 29.07
340 1 29.07
1 341 9.58
341 1 9.58
1 342 15.8
342 1 15.8
1 343 22.22
343 1 22.22
1 344 29.22
344 1 29.22
1 345 10.9
345 1 10.9
1 346 16.63
346 1 16.63
1 347 22.82
347 1 22.82
1 348 29.68
348 1 29.68
1 349 12.8
349 1 12.8
1 350 17.93
350 1 17.93
1 351 23.79
351 1 23.79
1 352 30.43
352 1 30.43
1 353 15.06
353 1 15.06
1 354 19.61
354 1 19.61
1 355 25.08
355 1 25.08
1 356 31.45
356 1 31.45
1 357 17.54
357 1 17.54
1 358 21.58
358 1 21.58
1 359 26.64
359 1 26.64
1 360 32.71
360 1 32.71
1 361 20.17
361 1 20.17
1 362 23.76
362 1 23.76
1 363 28.44
363 1 28.44
1 364 34.19
364 1 34.19
1 365 22.89
365 1 22.89
1 366 26.11
366 1 26.11
1 367 30.43
367 1 30.43
1 368 35.86
368 1 35.86
1 369 25.67
369 1 25.67
1 370 28.58
370 1 28.58
1 371 32.57
371 1 32.57
1 372 37.7
372 1 37.7
1 373 28.49
373 1 28.49
1 374 31.14
374 1 31.14
1 375 34.84
375 1 34.84
1 376 39.67
376 1 39.67
1 377 31.35
377 1 31.35
1 378 33.77
378 1 33.77
1 379 37.21
379 1 37.21
1 380 41.77
380 1 41.77
1 381 34.23
381 1 34.23
1 382 36.46
382 1 36.46
1 383 39.67
383 1 39.67
1 384 43.98
384 1 43.98
1 385 10.99
385 1 10.99
1 386 20.32
386 1 20.32
1 387 15.99
387 1 15.99
1 388 23.41
388 1 23.41
1 389 23.51
389 1 23.51
1 390 29.07
390 1 29.07
1 391 31.81
391 1 31.81
1 392 36.11
392 1 36.11
1 393 54.61
393 1 54.61
1 394 55.83
394 1 55.83
1 395 58.43
395 1 58.43
1 396 62.24
396 1 62.24
1 397 57.33
397 1 57.33
1 398 53.17
398 1 53.17
1 399 50.3
399 1 50.3
1 400 48.94
400 1 48.94
1 401 76.37
401 1 76.37
1 402 85.38
402 1 85.38
1 403 77.25
403 1 77.25
1 404 86.17
404 1 86.17
1 405 79.15
405 1 79.15
1 406 87.88
406 1 87.88
1 407 82.0
407 1 82.0
1 408 90.45
408 1 90.45
1 409 96.03
409 1 96.03
1 410 93.61
410 1 93.61
1 411 92.01
411 1 92.01
1 412 91.27
412 1 91.27
1 413 102.97
413 1 102.97
1 414 103.63
414 1 103.63
1 415 105.05
415 1 105.05
1 416 107.21
416 1 107.21
1 417 112.57
417 1 112.57
1 418 110.51
418 1 110.51
1 419 109.16
419 1 109.16
1 420 108.54
420 1 108.54
1 421 121.56
421 1 121.56
1 422 109.16
422 1 109.16
1 423 96.59
423 1 96.59
1 424 84.5
424 1 84.5
1 425 122.11
425 1 122.11
1 426 109.78
426 1 109.78
1 427 97.28
427 1 97.28
1 428 85.3
428 1 85.3
1 429 123.32
429 1 123.32
1 430 111.12
430 1 111.12
1 431 98.8
431 1 98.8
1 432 87.02
432 1 87.02
1 433 125.17
433 1 125.17
1 434 113.17
434 1 113.17
1 435 101.09
435 1 101.09
1 436 89.62
436 1 89.62
1 437 84.19
437 1 84.19
1 438 81.41
438 1 81.41
1 439 79.57
439 1 79.57
1 440 78.72
440 1 78.72
1 441 55.52
441 1 55.52
1 442 56.72
442 1 56.72
1 443 59.28
443 1 59.28
1 444 63.04
444 1 63.04
1 445 59.25
445 1 59.25
1 446 55.24
446 1 55.24
1 447 52.48
447 1 52.48
1 448 51.18
448 1 51.18
1 449 13.38
449 1 13.38
1 450 25.87
450 1 25.87
1 451 17.72
451 1 17.72
1 452 28.36
452 1 28.36
1 453 24.72
453 1 24.72
1 454 33.19
454 1 33.19
1 455 32.71
455 1 32.71
1 456 39.5
456 1 39.5
2 3 6.58
3 2 6.58
2 4 14.78
4 2 14.78
2 5 7.49
5 2 7.49
2 6 3.0
6 2 3.0
2 7 7.23
7 2 7.23
2 8 15.08
8 2 15.08
2 9 9.11
9 2 9.11
2 10 6.0
10 2 6.0
2 11 8.9
11 2 8.9
2 12 15.95
12 2 15.95
2 13 11.32
13 2 11.32
2 14 9.0
14 2 9.0
2 15 11.15
15 2 11.15
2 16 17.3
16 2 17.3
2 17 13.82
17 2 13.82
2 18 12.0
18 2 12.0
2 19 13.69
19 2 13.69
2 20 19.04
20 2 19.04
2 21 16.49
21 2 16.49
2 22 15.0
22 2 15.0
2 23 16.38
23 2 16.38
2 24 21.06
24 2 21.06
2 25 19.26
25 2 19.26
2 26 18.0
26 2 18.0
2 27 19.16
27 2 19.16
2 28 23.29
28 2 23.29
2 29 22.09
29 2 22.09
2 30 21.0
30 2 21.0
2 31 22.01
31 2 22.01
2 32 25.68
32 2 25.68
2 33 24.96
33 2 24.96
2 34 24.0
34 2 24.0
2 35 24.89
35 2 24.89
2 36 28.19
36 2 28.19
2 37 27.86
37 2 27.86
2 38 27.0
38 2 27.0
2 39 27.79
39 2 27.79
2 40 30.78
40 2 30.78
2 41 30.77
41 2 30.77
2 42 30.0
42 2 30.0
2 43 30.71
43 2 30.71
2 44 33.44
44 2 33.44
2 45 33.71
45 2 33.71
2 46 33.0
46 2 33.0
2 47 33.65
47 2 33.65
2 48 36.16
48 2 36.16
2 49 48.09
49 2 48.09
2 50 41.31
50 2 41.31
2 51 34.86
51 2 34.86
2 52 48.18
52 2 48.18
2 53 41.42
53 2 41.42
2 54 34.99
54 2 34.99
2 55 48.46
55 2 48.46
2 56 41.74
56 2 41.74
2 57 35.37
57 2 35.37
2 58 48.92
58 2 48.92
2 59 42.28
59 2 42.28
2 60 36.0
60 2 36.0
2 61 49.56
61 2 49.56
2 62 43.02
62 2 43.02
2 63 36.87
63 2 36.87
2 64 50.38
64 2 50.38
2 65 43.95
65 2 43.95
2 66 37.95
66 2 37.95
2 67 51.35
67 2 51.35
2 68 45.06
68 2 45.06
2 69 39.23
69 2 39.23
2 70 52.48
70 2 52.48
2 71 46.34
71 2 46.34
2 72 40.7
72 2 40.7
2 73 53.75
73 2 53.75
2 74 47.78
74 2 47.78
2 75 42.32
75 2 42.32
2 76 55.15
76 2 55.15
2 77 49.35
77 2 49.35
2 78 44.09
78 2 44.09
2 79 56.68
79 2 56.68
2 80 51.05
80 2 51.05
2 81 45.99
81 2 45.99
2 82 58.32
82 2 58.32
2 83 52.87
83 2 52.87
2 84 48.0
84 2 48.0
2 85 59.63
85 2 59.63
2 86 64.85
86 2 64.85
2 87 71.12
87 2 71.12
2 88 78.33
88 2 78.33
2 89 85.02
89 2 85.02
2 90 59.71
90 2 59.71
2 91 64.92
91 2 64.92
2 92 71.18
92 2 71.18
2 93 78.39
93 2 78.39
2 94 85.07
94 2 85.07
2 95 59.93
95 2 59.93
2 96 65.13
96 2 65.13
2 97 71.37
97 2 71.37
2 98 78.56
98 2 78.56
2 99 85.23
99 2 85.23
2 100 60.31
100 2 60.31
2 101 65.47
101 2 65.47
2 102 71.69
102 2 71.69
2 103 78.85
103 2 78.85
2 104 85.5
104 2 85.5
2 105 60.83
105 2 60.83
2 106 65.95
106 2 65.95
2 107 72.13
107 2 72.13
2 108 79.24
108 2 79.24
2 109 85.86
109 2 85.86
2 110 61.49
110 2 61.49
2 111 66.56
111 2 66.56
2 112 72.68
112 2 72.68
2 113 79.75
113 2 79.75
2 114 86.33
114 2 86.33
2 115 62.29
115 2 62.29
2 116 67.3
116 2 67.3
2 117 73.36
117 2 73.36
2 118 80.37
118 2 80.37
2 119 86.9
119 2 86.9
2 120 63.22
120 2 63.22
2 121 68.17
121 2 68.17
2 122 74.16
122 2 74.16
2 123 81.1
123 2 81.1
2 124 87.58
124 2 87.58
2 125 64.28
125 2 64.28
2 126 69.15
126 2 69.15
2 127 75.06
127 2 75.06
2 128 81.92
128 2 81.92
2 129 88.34
129 2 88.34
2 130 65.46
130 2 65.46
2 131 70.25
131 2 70.25
2 132 76.07
132 2 76.07
2 133 82.85
133 2 82.85
2 134 89.2
134 2 89.2
2 135 66.75
135 2 66.75
2 136 71.45
136 2 71.45
2 137 77.19
137 2 77.19
2 138 83.88
138 2 83.88
2 139 90.16
139 2 90.16
2 140 68.15
140 2 68.15
2 141 72.76
141 2 72.76
2 142 78.4
142 2 78.4
2 143 85.0
143 2 85.0
2 144 91.2
144 2 91.2
2 145 90.41
145 2 90.41
2 146 94.39
146 2 94.39
2 147 99.47
147 2 99.47
2 148 106.29
148 2 106.29
2 149 90.46
149 2 90.46
2 150 94.44
150 2 94.44
2 151 99.52
151 2 99.52
2 152 106.33
152 2 106.33
2 153 90.61
153 2 90.61
2 154 94.58
154 2 94.58
2 155 99.65
155 2 99.65
2 156 106.46
156 2 106.46
2 157 90.86
157 2 90.86
2 158 94.82
158 2 94.82
2 159 99.88
159 2 99.88
2 160 106.67
160 2 106.67
2 161 91.2
161 2 91.2
2 162 95.15
162 2 95.15
2 163 100.19
163 2 100.19
2 164 106.97
164 2 106.97
2 165 91.65
165 2 91.65
2 166 95.57
166 2 95.57
2 167 100.59
167 2 100.59
2 168 107.34
168 2 107.34
2 169 92.18
169 2 92.18
2 170 96.09
170 2 96.09
2 171 101.09
171 2 101.09
2 172 107.8
172 2 107.8
2 173 92.82
173 2 92.82
2 174 96.7
174 2 96.7
2 175 101.66
175 2 101.66
2 176 108.34
176 2 108.34
2 177 93.54
177 2 93.54
2 178 97.39
178 2 97.39
2 179 102.32
179 2 102.32
2 180 108.97
180 2 108.97
2 181 94.36
181 2 94.36
2 182 98.18
182 2 98.18
2 183 103.07
183 2 103.07
2 184 109.67
184 2 109.67
2 185 95.26
185 2 95.26
2 186 99.04
186 2 99.04
2 187 103.9
187 2 103.9
2 188 110.44
188 2 110.44
2 189 96.24
189 2 96.24
2 190 99.99
190 2 99.99
2 191 104.8
191 2 104.8
2 192 111.29
192 2 111.29
2 193 119.65
193 2 119.65
2 194 119.43
194 2 119.43
2 195 112.83
195 2 112.83
2 196 106.31
196 2 106.31
2 197 99.58
197 2 99.58
2 198 92.9
198 2 92.9
2 199 86.11
199 2 86.11
2 200 79.52
200 2 79.52
2 201 71.37
201 2 71.37
2 202 119.69
202 2 119.69
2 203 119.47
203 2 119.47
2 204 112.87
204 2 112.87
2 205 106.35
205 2 106.35
2 206 99.63
206 2 99.63
2 207 92.95
207 2 92.95
2 208 86.16
208 2 86.16
2 209 79.58
209 2 79.58
2 210 71.43
210 2 71.43
2 211 119.8
211 2 119.8
2 212 119.58
212 2 119.58
2 213 112.99
213 2 112.99
2 214 106.48
214 2 106.48
2 215 99.76
215 2 99.76
2 216 93.09
216 2 93.09
2 217 86.32
217 2 86.32
2 218 79.75
218 2 79.75
2 219 71.62
219 2 71.62
2 220 119.99
220 2 119.99
2 221 119.77
221 2 119.77
2 222 113.19
222 2 113.19
2 223 106.69
223 2 106.69
2 224 99.99
224 2 99.99
2 225 93.33
225 2 93.33
2 226 86.58
226 2 86.58
2 227 80.03
227 2 80.03
2 228 71.94
228 2 71.94
2 229 120.25
229 2 120.25
2 230 120.03
230 2 120.03
2 231 113.47
231 2 113.47
2 232 106.99
232 2 106.99
2 233 100.3
233 2 100.3
2 234 93.67
234 2 93.67
2 235 86.94
235 2 86.94
2 236 80.42
236 2 80.42
2 237 72.37
237 2 72.37
2 238 120.59
238 2 120.59
2 239 120.37
239 2 120.37
2 240 113.82
240 2 113.82
2 241 107.36
241 2 107.36
2 242 100.7
242 2 100.7
2 243 94.1
243 2 94.1
2 244 87.41
244 2 87.41
2 245 80.92
245 2 80.92
2 246 72.93
246 2 72.93
2 247 121.0
247 2 121.0
2 248 120.78
248 2 120.78
2 249 114.26
249 2 114.26
2 250 107.82
250 2 107.82
2 251 101.19
251 2 101.19
2 252 94.63
252 2 94.63
2 253 87.97
253 2 87.97
2 254 81.53
254 2 81.53
2 255 73.6
255 2 73.6
2 256 121.48
256 2 121.48
2 257 121.26
257 2 121.26
2 258 114.77
258 2 114.77
2 259 108.36
259 2 108.36
2 260 101.77
260 2 101.77
2 261 95.24
261 2 95.24
2 262 88.63
262 2 88.63
2 263 82.25
263 2 82.25
2 264 74.4
264 2 74.4
2 265 122.03
265 2 122.03
2 266 121.82
266 2 121.82
2 267 115.35
267 2 115.35
2 268 108.99
268 2 108.99
2 269 102.43
269 2 102.43
2 270 95.95
270 2 95.95
2 271 89.39
271 2 89.39
2 272 83.06
272 2 83.06
2 273 75.3
273 2 75.3
2 274 122.66
274 2 122.66
2 275 122.44
275 2 122.44
2 276 116.02
276 2 116.02
2 277 109.69
277 2 109.69
2 278 103.18
278 2 103.18
2 279 96.74
279 2 96.74
2 280 90.24
280 2 90.24
2 281 83.98
281 2 83.98
2 282 76.31
282 2 76.31
2 283 123.35
283 2 123.35
2 284 123.14
284 2 123.14
2 285 116.75
285 2 116.75
2 286 110.46
286 2 110.46
2 287 104.0
287 2 104.0
2 288 97.62
288 2 97.62
2 289 91.19
289 2 91.19
2 290 84.99
290 2 84.99
2 291 77.42
291 2 77.42
2 292 124.12
292 2 124.12
2 293 123.91
293 2 123.91
2 294 117.56
294 2 117.56
2 295 111.31
295 2 111.31
2 296 104.91
296 2 104.91
2 297 98.59
297 2 98.59
2 298 92.22
298 2 92.22
2 299 86.1
299 2 86.1
2 300 78.63
300 2 78.63
2 301 56.38
301 2 56.38
2 302 50.94
302 2 50.94
2 303 44.31
303 2 44.31
2 304 56.46
304 2 56.46
2 305 51.03
305 2 51.03
2 306 44.41
306 2 44.41
2 307 56.7
307 2 56.7
2 308 51.29
308 2 51.29
2 309 44.71
309 2 44.71
2 310 57.09
310 2 57.09
2 311 51.73
311 2 51.73
2 312 45.21
312 2 45.21
2 313 57.64
313 2 57.64
2 314 52.33
314 2 52.33
2 315 45.91
315 2 45.91
2 316 58.34
316 2 58.34
2 317 53.1
317 2 53.1
2 318 46.78
318 2 46.78
2 319 59.18
319 2 59.18
2 320 54.03
320 2 54.03
2 321 47.83
321 2 47.83
2 322 60.16
322 2 60.16
2 323 55.1
323 2 55.1
2 324 49.03
324 2 49.03
2 325 61.28
325 2 61.28
2 326 56.31
326 2 56.31
2 327 50.39
327 2 50.39
2 328 62.51
328 2 62.51
2 329 57.65
329 2 57.65
2 330 51.89
330 2 51.89
2 331 63.86
331 2 63.86
2 332 59.12
332 2 59.12
2 333 53.51
333 2 53.51
2 334 65.33
334 2 65.33
2 335 60.7
335 2 60.7
2 336 55.25
336 2 55.25
2 337 13.6
337 2 13.6
2 338 18.51
338 2 18.51
2 339 24.23
339 2 24.23
2 340 30.78
340 2 30.78
2 341 13.93
341 2 13.93
2 342 18.75
342 2 18.75
2 343 24.42
343 2 24.42
2 344 30.93
344 2 30.93
2 345 14.86
345 2 14.86
2 346 19.46
346 2 19.46
2 347 24.96
347 2 24.96
2 348 31.36
348 2 31.36
2 349 16.31
349 2 16.31
2 350 20.58
350 2 20.58
2 351 25.85
351 2 25.85
2 352 32.07
352 2 32.07
2 353 18.14
353 2 18.14
2 354 22.06
354 2 22.06
2 355 27.04
355 2 27.04
2 356 33.04
356 2 33.04
2 357 20.25
357 2 20.25
2 358 23.82
358 2 23.82
2 359 28.5
359 2 28.5
2 360 34.24
360 2 34.24
2 361 22.56
361 2 22.56
2 362 25.82
362 2 25.82
2 363 30.18
363 2 30.18
2 364 35.66
364 2 35.66
2 365 25.02
365 2 25.02
2 366 27.99
366 2 27.99
2 367 32.06
367 2 32.06
2 368 37.26
368 2 37.26
2 369 27.59
369 2 27.59
2 370 30.31
370 2 30.31
2 371 34.1
371 2 34.1
2 372 39.03
372 2 39.03
2 373 30.23
373 2 30.23
2 374 32.74
374 2 32.74
2 375 36.28
375 2 36.28
2 376 40.94
376 2 40.94
2 377 32.94
377 2 32.94
2 378 35.25
378 2 35.25
2 379 38.56
379 2 38.56
2 380 42.98
380 2 42.98
2 381 35.69
381 2 35.69
2 382 37.84
382 2 37.84
2 383 40.94
383 2 40.94
2 384 45.13
384 2 45.13
2 385 10.99
385 2 10.99
2 386 14.87
386 2 14.87
2 387 15.99
387 2 15.99
2 388 18.87
388 2 18.87
2 389 23.51
389 2 23.51
2 390 25.55
390 2 25.55
2 391 31.81
391 2 31.81
2 392 33.35
392 2 33.35
2 393 47.88
393 2 47.88
2 394 49.27
394 2 49.27
2 395 52.2
395 2 52.2
2 396 56.43
396 2 56.43
2 397 51.7
397 2 51.7
2 398 47.06
398 2 47.06
2 399 43.79
399 2 43.79
2 400 42.22
400 2 42.22
2 401 69.63
401 2 69.63
2 402 78.65
402 2 78.65
2 403 70.6
403 2 70.6
2 404 79.5
404 2 79.5
2 405 72.67
405 2 72.67
2 406 81.35
406 2 81.35
2 407 75.76
407 2 75.76
2 408 84.12
408 2 84.12
2 409 89.65
409 2 89.65
2 410 87.05
410 2 87.05
2 411 85.33
411 2 85.33
2 412 84.53
412 2 84.53
2 413 96.24
413 2 96.24
2 414 96.94
414 2 96.94
2 415 98.46
415 2 98.46
2 416 100.76
416 2 100.76
2 417 106.09
417 2 106.09
2 418 103.9
418 2 103.9
2 419 102.47
419 2 102.47
2 420 101.8
420 2 101.8
2 421 123.86
421 2 123.86
2 422 111.46
422 2 111.46
2 423 98.89
423 2 98.89
2 424 86.8
424 2 86.8
2 425 124.4
425 2 124.4
2 426 112.06
426 2 112.06
2 427 99.57
427 2 99.57
2 428 87.58
428 2 87.58
2 429 125.59
429 2 125.59
2 430 113.38
430 2 113.38
2 431 101.05
431 2 101.05
2 432 89.26
432 2 89.26
2 433 127.4
433 2 127.4
2 434 115.39
434 2 115.39
2 435 103.29
435 2 103.29
2 436 91.79
436 2 91.79
2 437 86.34
437 2 86.34
2 438 83.64
438 2 83.64
2 439 81.84
439 2 81.84
2 440 81.02
440 2 81.02
2 441 57.82
441 2 57.82
2 442 58.97
442 2 58.97
2 443 61.44
443 2 61.44
2 444 65.07
444 2 65.07
2 445 61.24
445 2 61.24
2 446 57.37
446 2 57.37
2 447 54.72
447 2 54.72
2 448 53.47
448 2 53.47
2 449 12.0
449 2 12.0
2 450 25.19
450 2 25.19
2 451 16.7
451 2 16.7
2 452 27.74
452 2 27.74
2 453 24.0
453 2 24.0
2 454 32.66
454 2 32.66
2 455 32.17
455 2 32.17
2 456 39.06
456 2 39.06
3 4 8.2
4 3 8.2
3 5 13.77
5 3 13.77
3 6 7.23
6 3 7.23
3 7 3.0
7 3 3.0
3 8 8.73
8 3 8.73
3 9 14.72
9 3 14.72
3 10 8.9
10 3 8.9
3 11 6.0
11 3 6.0
3 12 10.16
12 3 10.16
3 13 16.18
13 3 16.18
3 14 11.15
14 3 11.15
3 15 9.0
15 3 9.0
3 16 12.18
16 3 12.18
3 17 18.02
17 3 18.02
3 18 13.69
18 3 13.69
3 19 12.0
19 3 12.0
3 20 14.53
20 3 14.53
3 21 20.14
21 3 20.14
3 22 16.38
22 3 16.38
3 23 15.0
23 3 15.0
3 24 17.1
24 3 17.1
3 25 22.46
25 3 22.46
3 26 19.16
26 3 19.16
3 27 18.0
27 3 18.0
3 28 19.78
28 3 19.78
3 29 24.93
29 3 24.93
3 30 22.01
30 3 22.01
3 31 21.0
31 3 21.0
3 32 22.54
32 3 22.54
3 33 27.51
33 3 27.51
3 34 24.89
34 3 24.89
3 35 24.0
35 3 24.0
3 36 25.36
36 3 25.36
3 37 30.16
37 3 30.16
3 38 27.79
38 3 27.79
3 39 27.0
39 3 27.0
3 40 28.22
40 3 28.22
3 41 32.87
41 3 32.87
3 42 30.71
42 3 30.71
3 43 30.0
43 3 30.0
3 44 31.1
44 3 31.1
3 45 35.63
45 3 35.63
3 46 33.65
46 3 33.65
3 47 33.0
47 3 33.0
3 48 34.0
48 3 34.0
3 49 41.74
49 3 41.74
3 50 34.96
50 3 34.96
3 51 28.51
51 3 28.51
3 52 41.85
52 3 41.85
3 53 35.09
53 3 35.09
3 54 28.67
54 3 28.67
3 55 42.17
55 3 42.17
3 56 35.47
56 3 35.47
3 57 29.13
57 3 29.13
3 58 42.7
58 3 42.7
3 59 36.1
59 3 36.1
3 60 29.9
60 3 29.9
3 61 43.43
61 3 43.43
3 62 36.96
62 3 36.96
3 63 30.93
63 3 30.93
3 64 44.35
64 3 44.35
3 65 38.04
65 3 38.04
3 66 32.22
66 3 32.22
3 67 45.46
67 3 45.46
3 68 39.32
68 3 39.32
3 69 33.72
69 3 33.72
3 70 46.73
70 3 46.73
3 71 40.78
71 3 40.78
3 72 35.41
72 3 35.41
3 73 48.15
73 3 48.15
3 74 42.41
74 3 42.41
3 75 37.27
75 3 37.27
3 76 49.71
76 3 49.71
3 77 44.17
77 3 44.17
3 78 39.27
78 3 39.27
3 79 51.4
79 3 51.4
3 80 46.07
80 3 46.07
3 81 41.39
81 3 41.39
3 82 53.21
82 3 53.21
3 83 48.07
83 3 48.07
3 84 43.61
84 3 43.61
3 85 53.28
85 3 53.28
3 86 58.5
86 3 58.5
3 87 64.77
87 3 64.77
3 88 71.98
88 3 71.98
3 89 78.67
89 3 78.67
3 90 53.36
90 3 53.36
3 91 58.58
91 3 58.58
3 92 64.84
92 3 64.84
3 93 72.04
93 3 72.04
3 94 78.73
94 3 78.73
3 95 53.62
95 3 53.62
3 96 58.81
96 3 58.81
3 97 65.05
97 3 65.05
3 98 72.23
98 3 72.23
3 99 78.9
99 3 78.9
3 100 54.03
100 3 54.03
3 101 59.19
101 3 59.19
3 102 65.39
102 3 65.39
3 103 72.54
103 3 72.54
3 104 79.18
104 3 79.18
3 105 54.61
105 3 54.61
3 106 59.72
106 3 59.72
3 107 65.87
107 3 65.87
3 108 72.97
108 3 72.97
3 109 79.58
109 3 79.58
3 110 55.35
110 3 55.35
3 111 60.39
111 3 60.39
3 112 66.48
112 3 66.48
3 113 73.53
113 3 73.53
3 114 80.09
114 3 80.09
3 115 56.24
115 3 56.24
3 116 61.21
116 3 61.21
3 117 67.22
117 3 67.22
3 118 74.2
118 3 74.2
3 119 80.7
119 3 80.7
3 120 57.27
120 3 57.27
3 121 62.16
121 3 62.16
3 122 68.09
122 3 68.09
3 123 74.98
123 3 74.98
3 124 81.42
124 3 81.42
3 125 58.44
125 3 58.44
3 126 63.23
126 3 63.23
3 127 69.07
127 3 69.07
3 128 75.88
128 3 75.88
3 129 82.25
129 3 82.25
3 130 59.73
130 3 59.73
3 131 64.43
131 3 64.43
3 132 70.17
132 3 70.17
3 133 76.88
133 3 76.88
3 134 83.17
134 3 83.17
3 135 61.15
135 3 61.15
3 136 65.74
136 3 65.74
3 137 71.38
137 3 71.38
3 138 77.98
138 3 77.98
3 139 84.2
139 3 84.2
3 140 62.67
140 3 62.67
3 141 67.17
141 3 67.17
3 142 72.69
142 3 72.69
3 143 79.18
143 3 79.18
3 144 85.31
144 3 85.31
3 145 84.06
145 3 84.06
3 146 88.04
146 3 88.04
3 147 93.12
147 3 93.12
3 148 99.94
148 3 99.94
3 149 84.11
149 3 84.11
3 150 88.09
150 3 88.09
3 151 93.17
151 3 93.17
3 152 99.99
152 3 99.99
3 153 84.27
153 3 84.27
3 154 88.24
154 3 88.24
3 155 93.31
155 3 93.31
3 156 100.12
156 3 100.12
3 157 84.54
157 3 84.54
3 158 88.5
158 3 88.5
3 159 93.55
159 3 93.55
3 160 100.34
160 3 100.34
3 161 84.91
161 3 84.91
3 162 88.85
162 3 88.85
3 163 93.89
163 3 93.89
3 164 100.66
164 3 100.66
3 165 85.39
165 3 85.39
3 166 89.31
166 3 89.31
3 167 94.32
167 3 94.32
3 168 101.06
168 3 101.06
3 169 85.97
169 3 85.97
3 170 89.86
170 3 89.86
3 171 94.84
171 3 94.84
3 172 101.55
172 3 101.55
3 173 86.64
173 3 86.64
3 174 90.51
174 3 90.51
3 175 95.46
175 3 95.46
3 176 102.12
176 3 102.12
3 177 87.42
177 3 87.42
3 178 91.25
178 3 91.25
3 179 96.16
179 3 96.16
3 180 102.78
180 3 102.78
3 181 88.29
181 3 88.29
3 182 92.09
182 3 92.09
3 183 96.96
183 3 96.96
3 184 103.52
184 3 103.52
3 185 89.25
185 3 89.25
3 186 93.01
186 3 93.01
3 187 97.83
187 3 97.83
3 188 104.35
188 3 104.35
3 189 90.31
189 3 90.31
3 190 94.02
190 3 94.02
3 191 98.79
191 3 98.79
3 192 105.25
192 3 105.25
3 193 113.3
193 3 113.3
3 194 118.77
194 3 118.77
3 195 116.08
195 3 116.08
3 196 109.56
196 3 109.56
3 197 102.83
197 3 102.83
3 198 96.15
198 3 96.15
3 199 89.36
199 3 89.36
3 200 82.77
200 3 82.77
3 201 74.62
201 3 74.62
3 202 113.34
202 3 113.34
3 203 118.81
203 3 118.81
3 204 116.12
204 3 116.12
3 205 109.6
205 3 109.6
3 206 102.87
206 3 102.87
3 207 96.2
207 3 96.2
3 208 89.41
208 3 89.41
3 209 82.82
209 3 82.82
3 210 74.68
210 3 74.68
3 211 113.46
211 3 113.46
3 212 118.92
212 3 118.92
3 213 116.23
213 3 116.23
3 214 109.72
214 3 109.72
3 215 103.0
215 3 103.0
3 216 96.34
216 3 96.34
3 217 89.56
217 3 89.56
3 218 82.99
218 3 82.99
3 219 74.86
219 3 74.86
3 220 113.66
220 3 113.66
3 221 119.11
221 3 119.11
3 222 116.43
222 3 116.43
3 223 109.93
223 3 109.93
3 224 103.22
224 3 103.22
3 225 96.57
225 3 96.57
3 226 89.81
226 3 89.81
3 227 83.26
227 3 83.26
3 228 75.16
228 3 75.16
3 229 113.93
229 3 113.93
3 230 119.37
230 3 119.37
3 231 116.7
231 3 116.7
3 232 110.22
232 3 110.22
3 233 103.53
233 3 103.53
3 234 96.9
234 3 96.9
3 235 90.16
235 3 90.16
3 236 83.64
236 3 83.64
3 237 75.58
237 3 75.58
3 238 114.29
238 3 114.29
3 239 119.71
239 3 119.71
3 240 117.05
240 3 117.05
3 241 110.58
241 3 110.58
3 242 103.92
242 3 103.92
3 243 97.31
243 3 97.31
3 244 90.61
244 3 90.61
3 245 84.12
245 3 84.12
3 246 76.11
246 3 76.11
3 247 114.72
247 3 114.72
3 248 120.13
248 3 120.13
3 249 117.47
249 3 117.47
3 250 111.03
250 3 111.03
3 251 104.39
251 3 104.39
3 252 97.82
252 3 97.82
3 253 91.15
253 3 91.15
3 254 84.7
254 3 84.7
3 255 76.76
255 3 76.76
3 256 115.23
256 3 115.23
3 257 120.61
257 3 120.61
3 258 117.96
258 3 117.96
3 259 111.55
259 3 111.55
3 260 104.95
260 3 104.95
3 261 98.42
261 3 98.42
3 262 91.79
262 3 91.79
3 263 85.39
263 3 85.39
3 264 77.52
264 3 77.52
3 265 115.81
265 3 115.81
3 266 121.17
266 3 121.17
3 267 118.54
267 3 118.54
3 268 112.16
268 3 112.16
3 269 105.59
269 3 105.59
3 270 99.1
270 3 99.1
3 271 92.53
271 3 92.53
3 272 86.18
272 3 86.18
3 273 78.38
273 3 78.38
3 274 116.47
274 3 116.47
3 275 121.8
275 3 121.8
3 276 119.18
276 3 119.18
3 277 112.84
277 3 112.84
3 278 106.32
278 3 106.32
3 279 99.87
279 3 99.87
3 280 93.35
280 3 93.35
3 281 87.06
281 3 87.06
3 282 79.35
282 3 79.35
3 283 117.2
283 3 117.2
3 284 122.5
284 3 122.5
3 285 119.89
285 3 119.89
3 286 113.59
286 3 113.59
3 287 107.12
287 3 107.12
3 288 100.72
288 3 100.72
3 289 94.26
289 3 94.26
3 290 88.04
290 3 88.04
3 291 80.42
291 3 80.42
3 292 118.01
292 3 118.01
3 293 123.27
293 3 123.27
3 294 120.68
294 3 120.68
3 295 114.42
295 3 114.42
3 296 108.0
296 3 108.0
3 297 101.66
297 3 101.66
3 298 95.26
298 3 95.26
3 299 89.11
299 3 89.11
3 300 81.59
300 3 81.59
3 301 59.63
301 3 59.63
3 302 54.19
302 3 54.19
3 303 47.56
303 3 47.56
3 304 59.71
304 3 59.71
3 305 54.27
305 3 54.27
3 306 47.65
306 3 47.65
3 307 59.93
307 3 59.93
3 308 54.52
308 3 54.52
3 309 47.94
309 3 47.94
3 310 60.31
310 3 60.31
3 311 54.93
311 3 54.93
3 312 48.4
312 3 48.4
3 313 60.83
313 3 60.83
3 314 55.5
314 3 55.5
3 315 49.05
315 3 49.05
3 316 61.49
316 3 61.49
3 317 56.23
317 3 56.23
3 318 49.87
318 3 49.87
3 319 62.29
319 3 62.29
3 320 57.1
320 3 57.1
3 321 50.85
321 3 50.85
3 322 63.22
322 3 63.22
3 323 58.12
323 3 58.12
3 324 51.99
324 3 51.99
3 325 64.28
325 3 64.28
